18 0.429996 0.359487 0.038714 0.050377
26 0.464722 0.356868 0.037602 0.048536
29 0.500558 0.355987 0.038815 0.052422
27 0.535904 0.352952 0.039992 0.050440
15 0.570892 0.350447 0.038868 0.048344
31 0.607125 0.349803 0.039060 0.047079
9 0.658643 0.391201 0.049713 0.035621
17 0.658873 0.424251 0.049048 0.037628
32 0.660076 0.459319 0.047953 0.037095
24 0.661438 0.491944 0.048403 0.035874
22 0.663173 0.526425 0.048984 0.036349
26 0.664980 0.562857 0.051118 0.038241
24 0.712093 0.559366 0.049291 0.037385
24 0.615416 0.609911 0.036913 0.044932
23 0.578620 0.612121 0.037002 0.046721
30 0.542955 0.613890 0.038690 0.044765
0 0.508211 0.616126 0.037207 0.045711
32 0.472207 0.618809 0.036709 0.045942
20 0.436965 0.618764 0.036913 0.044932
15 0.385780 0.573761 0.046159 0.035954
15 0.382732 0.540723 0.049035 0.037372
3 0.380885 0.506087 0.047207 0.036516
33 0.379716 0.472187 0.047655 0.035263
16 0.377953 0.436650 0.047757 0.037309
28 0.376253 0.402391 0.048729 0.036337
1 0.200199 0.906407 0.056268 0.075221
2 0.247502 0.904188 0.056818 0.076013
4 0.294397 0.901477 0.055117 0.077714
12 0.340844 0.900070 0.051705 0.075759
14 0.387004 0.898036 0.052983 0.075823
16 0.434410 0.895300 0.052254 0.076552
17 0.481298 0.892461 0.051436 0.075491
18 0.528346 0.890255 0.051986 0.076283
18 0.575362 0.887410 0.050477 0.076719
19 0.622762 0.884546 0.050171 0.075683
22 0.668027 0.882556 0.052191 0.075273
23 0.716653 0.881169 0.052292 0.077319
33 0.764942 0.878133 0.052892 0.079134
