11 0.645883 0.593333 0.044289 0.037211
26 0.600435 0.592179 0.044289 0.036621
29 0.600266 0.556618 0.043404 0.036325
32 0.600983 0.520613 0.044879 0.036031
32 0.600518 0.483724 0.045174 0.036031
17 0.599019 0.445508 0.045765 0.036326
9 0.599736 0.410831 0.044287 0.033670
20 0.381195 0.642775 0.033374 0.043992
32 0.413510 0.642756 0.034260 0.045173
0 0.448924 0.643620 0.033671 0.046943
30 0.481386 0.642568 0.035442 0.047240
23 0.516210 0.642842 0.035442 0.046649
24 0.550591 0.642969 0.033966 0.045763
15 0.332617 0.590864 0.043698 0.035735
15 0.331121 0.555598 0.044290 0.037801
3 0.330804 0.519152 0.043699 0.036915
33 0.331815 0.482409 0.042814 0.036620
25 0.330169 0.445373 0.044879 0.035736
28 0.331623 0.408778 0.045470 0.036917
33 0.284700 0.409692 0.044879 0.036326
18 0.382356 0.364038 0.034263 0.050190
26 0.416737 0.364017 0.033378 0.050780
29 0.450380 0.364145 0.033969 0.051665
27 0.484171 0.363387 0.035444 0.050781
15 0.519142 0.363514 0.035739 0.050486
31 0.552491 0.365117 0.035740 0.051371
12 0.552313 0.315242 0.036032 0.046650
1 0.144538 0.932129 0.055527 0.076763
2 0.190133 0.932102 0.053463 0.078532
4 0.235434 0.932960 0.050806 0.077941
12 0.278816 0.933229 0.049625 0.076760
14 0.323378 0.932170 0.047264 0.077053
16 0.368382 0.931848 0.047560 0.077644
17 0.413977 0.930935 0.047857 0.081185
18 0.458392 0.930909 0.047562 0.080595
18 0.503250 0.931177 0.046381 0.080594
19 0.547516 0.930118 0.044907 0.082069
22 0.592078 0.928616 0.046677 0.081480
23 0.637525 0.928441 0.049628 0.080596
33 0.683713 0.931217 0.048152 0.081480
24 0.741702 0.930739 0.054350 0.081189
