11 0.875096 0.327630 0.076117 0.063939
26 0.796949 0.325600 0.076117 0.062924
29 0.796695 0.264452 0.074595 0.062416
32 0.797964 0.202543 0.077132 0.061909
32 0.797203 0.139112 0.077640 0.061909
17 0.794666 0.073397 0.078655 0.062416
9 0.795934 0.021348 0.076117 0.042697
20 0.419914 0.412374 0.057342 0.075610
32 0.475480 0.412374 0.058864 0.077640
0 0.536374 0.413896 0.057849 0.080684
30 0.592193 0.412120 0.060894 0.081192
23 0.652072 0.412627 0.060894 0.080177
24 0.711190 0.412881 0.058357 0.078655
15 0.336439 0.323063 0.075103 0.061401
15 0.333902 0.262422 0.076117 0.064954
3 0.333394 0.199752 0.075103 0.063431
33 0.335170 0.136575 0.073580 0.062924
25 0.332379 0.072890 0.077132 0.061401
28 0.334917 0.020841 0.078147 0.041682
33 0.254232 0.021348 0.077132 0.042697
1 0.030193 0.909674 0.060386 0.131937
2 0.091087 0.909674 0.091848 0.134982
4 0.168981 0.911196 0.087281 0.133967
12 0.243576 0.911704 0.085251 0.131937
14 0.320201 0.909928 0.081192 0.132444
16 0.397587 0.909420 0.081699 0.133459
17 0.475987 0.907898 0.082207 0.139549
18 0.552359 0.907898 0.081699 0.138534
18 0.629491 0.908405 0.079670 0.138534
19 0.705608 0.906629 0.077132 0.141071
22 0.782233 0.904092 0.080177 0.140056
23 0.860380 0.903838 0.085251 0.138534
33 0.939796 0.908659 0.082714 0.140056
