15 0.560497 0.346992 0.032841 0.049787
31 0.526617 0.347755 0.034055 0.048782
32 0.558225 0.396523 0.034445 0.047558
29 0.525308 0.394942 0.032619 0.048758
11 0.492066 0.394381 0.033836 0.047958
14 0.459027 0.393927 0.033012 0.047739
16 0.426288 0.393991 0.035241 0.046135
13 0.393165 0.392406 0.033401 0.046514
12 0.493300 0.345551 0.033405 0.046720
15 0.337088 0.437541 0.044094 0.035822
29 0.336776 0.474277 0.045523 0.035436
24 0.333206 0.509521 0.044128 0.037874
25 0.332909 0.545436 0.045127 0.036250
33 0.330644 0.582344 0.045933 0.035443
22 0.328818 0.617617 0.046740 0.034636
27 0.292346 0.437300 0.045746 0.036466
27 0.291241 0.472380 0.044726 0.036859
7 0.290234 0.507770 0.045927 0.035033
6 0.373340 0.667424 0.035881 0.047582
22 0.404423 0.668256 0.034872 0.048591
19 0.436637 0.668902 0.034431 0.046737
2 0.470392 0.669471 0.033836 0.047958
15 0.503337 0.669410 0.034007 0.045909
14 0.534806 0.671685 0.034243 0.047759
13 0.369696 0.713135 0.032974 0.045482
12 0.402208 0.714402 0.033579 0.044876
12 0.434116 0.714939 0.033374 0.044873
21 0.467747 0.716840 0.035033 0.045927
24 0.587560 0.622800 0.043878 0.035203
27 0.630545 0.623730 0.045766 0.037697
0 0.633090 0.588468 0.045527 0.035641
8 0.589292 0.587012 0.047370 0.035467
7 0.591311 0.552460 0.044932 0.036862
3 0.593748 0.517505 0.045332 0.036253
5 0.597125 0.481539 0.046375 0.037297
20 0.600307 0.444954 0.044887 0.034195
13 0.637276 0.553235 0.044097 0.036027
0 0.126632 0.939579 0.050481 0.075027
9 0.170447 0.938207 0.051583 0.077858
10 0.211566 0.940307 0.047340 0.076380
17 0.255548 0.939466 0.048764 0.077459
17 0.298097 0.940183 0.045951 0.077411
18 0.342234 0.940575 0.046338 0.079527
26 0.385114 0.942529 0.045653 0.080570
27 0.427159 0.941831 0.045981 0.079169
29 0.468838 0.942006 0.045623 0.078812
30 0.513675 0.942586 0.047352 0.077083
32 0.555512 0.943819 0.048800 0.079568
33 0.598958 0.943496 0.046338 0.079527
33 0.641685 0.944040 0.052298 0.078573
