22 0.045497 0.153446 0.084655 0.119334
19 0.125563 0.153701 0.083635 0.114744
2 0.209453 0.153701 0.082106 0.117804
15 0.291304 0.152171 0.082616 0.112704
14 0.369585 0.156505 0.083126 0.117294
12 0.041927 0.268189 0.081596 0.110154
12 0.121228 0.268189 0.081086 0.110154
21 0.204864 0.271504 0.085165 0.112704
13 0.498608 0.037837 0.107604 0.075675
27 0.605447 0.039622 0.112194 0.079245
26 0.032034 0.835702 0.064068 0.198381
27 0.113444 0.832206 0.110989 0.194886
29 0.217005 0.830895 0.110115 0.194012
30 0.328431 0.830458 0.114484 0.189642
32 0.432428 0.831769 0.117980 0.195760
33 0.540358 0.829147 0.111863 0.195760
33 0.646540 0.828710 0.126719 0.193138
