9 0.126289 0.976531 0.062657 0.044438
10 0.176242 0.976063 0.054602 0.045373
11 0.223938 0.976725 0.054953 0.044050
12 0.272325 0.975089 0.053813 0.047322
13 0.320762 0.974418 0.051164 0.048663
19 0.370900 0.973705 0.053445 0.050090
20 0.416275 0.973046 0.054625 0.051408
20 0.463767 0.972770 0.051586 0.051961
24 0.513142 0.971888 0.050828 0.053724
25 0.562514 0.970991 0.053125 0.055518
26 0.610193 0.971086 0.051961 0.055328
33 0.659174 0.969642 0.049695 0.058217
33 0.706827 0.968366 0.054711 0.060769
0 0.380870 0.682586 0.040845 0.051346
8 0.417603 0.680880 0.037008 0.050885
28 0.454154 0.679562 0.038946 0.052073
30 0.490922 0.679579 0.038946 0.052073
7 0.528082 0.679972 0.038977 0.053604
27 0.563827 0.676755 0.037758 0.050135
15 0.380785 0.734867 0.040087 0.051713
8 0.419058 0.733514 0.040172 0.055925
8 0.616920 0.622628 0.047963 0.043837
31 0.665350 0.621642 0.050612 0.042360
9 0.614778 0.583222 0.048244 0.038868
0 0.614584 0.545500 0.048666 0.040790
29 0.612250 0.506099 0.052463 0.039337
30 0.612807 0.467595 0.049807 0.040431
30 0.612801 0.429678 0.049041 0.040415
9 0.561424 0.379976 0.038954 0.052456
9 0.561685 0.326924 0.040141 0.054393
33 0.526957 0.380103 0.037446 0.053573
32 0.489438 0.380867 0.039727 0.052854
27 0.454591 0.381193 0.036727 0.055854
1 0.418643 0.383840 0.037477 0.055104
13 0.382038 0.382478 0.039352 0.053229
16 0.326941 0.432241 0.046315 0.038063
29 0.327142 0.470346 0.048283 0.040782
10 0.328496 0.508619 0.050979 0.041602
17 0.328306 0.546349 0.051323 0.039696
10 0.329085 0.584633 0.048244 0.038868
6 0.330107 0.625402 0.050198 0.040821
31 0.276597 0.433266 0.046760 0.041134
