9 0.143885 0.964396 0.061471 0.068707
10 0.193029 0.964890 0.053549 0.067721
11 0.239879 0.966453 0.053898 0.064594
12 0.287549 0.965771 0.052775 0.065958
13 0.335173 0.966038 0.050168 0.065425
19 0.384513 0.966297 0.052413 0.064906
20 0.429125 0.966518 0.053570 0.064464
20 0.475797 0.967154 0.050579 0.063192
24 0.524380 0.967232 0.049833 0.063035
25 0.572967 0.967297 0.052092 0.062907
26 0.619831 0.968302 0.050949 0.060896
33 0.668048 0.967819 0.048718 0.061862
33 0.714937 0.967479 0.053647 0.062542
0 0.406172 0.672736 0.040083 0.050430
8 0.442337 0.672467 0.036310 0.049983
28 0.478306 0.672570 0.038214 0.051148
30 0.514439 0.673995 0.038214 0.051148
7 0.550941 0.675803 0.038242 0.052654
27 0.586192 0.674010 0.037050 0.049244
15 0.404087 0.724112 0.039337 0.050792
8 0.441751 0.724247 0.039414 0.054934
8 0.640441 0.622850 0.047097 0.043032
31 0.688072 0.623735 0.049705 0.041575
9 0.639843 0.584043 0.047383 0.038144
0 0.641097 0.546965 0.047794 0.040034
29 0.640312 0.508154 0.051531 0.038598
30 0.642333 0.470337 0.048917 0.039678
30 0.643778 0.433075 0.048164 0.039664
9 0.595192 0.382264 0.038221 0.051524
9 0.597479 0.330139 0.039386 0.053428
33 0.561314 0.381070 0.036736 0.052626
32 0.524414 0.380384 0.038981 0.051915
27 0.490157 0.379371 0.036025 0.054871
1 0.454728 0.380596 0.036764 0.054132
13 0.418808 0.377857 0.038612 0.052284
16 0.362757 0.424651 0.045486 0.037356
29 0.361496 0.462106 0.047418 0.040027
10 0.361362 0.499769 0.050067 0.040829
17 0.359731 0.536840 0.050409 0.038953
10 0.359031 0.574493 0.047383 0.038144
6 0.358475 0.614598 0.049300 0.040062
31 0.313243 0.423731 0.045918 0.040375
