20 0.087481 0.888486 0.096969 0.173798
24 0.183703 0.887367 0.095477 0.174543
25 0.279926 0.885875 0.099952 0.174543
26 0.372792 0.887367 0.097715 0.173052
33 0.468269 0.885129 0.093239 0.176035
33 0.561135 0.884011 0.102936 0.179765
8 0.022482 0.280940 0.044964 0.097715
28 0.081140 0.279822 0.073845 0.099952
30 0.152748 0.281313 0.073845 0.099952
7 0.225101 0.283551 0.073845 0.102936
27 0.294844 0.278703 0.071608 0.096223
8 0.024347 0.383503 0.048693 0.107411
8 0.400391 0.175394 0.091747 0.083542
24 0.494749 0.175394 0.096969 0.080559
22 0.397780 0.098565 0.092493 0.073845
24 0.398899 0.031940 0.093239 0.063880
