1 0.179386 0.919761 0.067536 0.091094
2 0.228150 0.919662 0.059623 0.088712
11 0.276089 0.919885 0.059187 0.087047
12 0.321210 0.918898 0.052782 0.089040
14 0.369124 0.917254 0.053181 0.087801
15 0.414973 0.916362 0.053619 0.089673
19 0.463329 0.916787 0.051119 0.088812
20 0.509282 0.915894 0.049659 0.088171
22 0.555860 0.915304 0.049866 0.088174
24 0.601397 0.914312 0.048840 0.088990
26 0.648701 0.913609 0.048842 0.089198
29 0.695792 0.912494 0.046158 0.090201
30 0.743315 0.912722 0.048632 0.088988
15 0.426203 0.623316 0.036561 0.053154
26 0.461060 0.622979 0.036622 0.057926
7 0.495604 0.622438 0.037231 0.056897
9 0.531281 0.621259 0.039697 0.055061
15 0.567280 0.620907 0.037003 0.055234
10 0.374556 0.567839 0.047227 0.043539
31 0.373854 0.528835 0.049648 0.038176
8 0.375758 0.490733 0.048619 0.038786
19 0.372889 0.452587 0.045900 0.037092
31 0.373031 0.414714 0.049228 0.037756
33 0.373377 0.376424 0.050081 0.039634
23 0.426827 0.328538 0.035713 0.051691
27 0.462955 0.330155 0.037436 0.056692
26 0.497703 0.329404 0.038050 0.056077
31 0.532461 0.329379 0.037439 0.056899
10 0.566706 0.329775 0.039130 0.059410
32 0.603036 0.330975 0.037050 0.058969
33 0.651044 0.410467 0.049475 0.040871
31 0.651430 0.449163 0.050058 0.037767
9 0.652021 0.487649 0.048640 0.040446
28 0.653437 0.525709 0.050074 0.039012
32 0.654143 0.565024 0.048868 0.042108
