1 0.157003 0.941708 0.066500 0.090399
2 0.205840 0.942228 0.058603 0.088113
11 0.253845 0.943059 0.058188 0.086451
12 0.299044 0.942643 0.051746 0.088529
14 0.347049 0.941604 0.052161 0.087282
15 0.392976 0.941293 0.052577 0.089152
19 0.441397 0.942332 0.050083 0.088321
20 0.487427 0.942020 0.048628 0.087697
22 0.534081 0.942020 0.048836 0.087697
24 0.579697 0.941604 0.047797 0.088529
26 0.627078 0.941500 0.047797 0.088736
29 0.674252 0.940981 0.045096 0.089776
30 0.721841 0.941812 0.047589 0.088529
15 0.407938 0.647963 0.035952 0.052785
26 0.442851 0.648067 0.035952 0.057564
7 0.477452 0.647963 0.036575 0.056525
9 0.513196 0.647236 0.039069 0.054655
15 0.549252 0.647340 0.036367 0.054863
10 0.356920 0.591750 0.046758 0.043017
31 0.356712 0.552681 0.049252 0.037614
32 0.359102 0.514547 0.048213 0.038238
31 0.356712 0.476309 0.045511 0.036575
31 0.357336 0.438383 0.048836 0.037199
33 0.358167 0.400042 0.049668 0.039069
23 0.412303 0.352764 0.035121 0.051330
27 0.448462 0.354842 0.036783 0.056318
26 0.483271 0.354530 0.037406 0.055694
31 0.518080 0.354946 0.036783 0.056525
10 0.552369 0.355777 0.038446 0.059019
31 0.588736 0.357440 0.036367 0.058603
33 0.635806 0.437656 0.049044 0.040316
31 0.635702 0.476413 0.049668 0.037199
9 0.635806 0.514963 0.048213 0.039900
28 0.636741 0.553096 0.049668 0.038446
32 0.636949 0.592477 0.048421 0.041563
