31 0.115369 0.682894 0.044869 0.033895
31 0.112471 0.722605 0.036133 0.043971
31 0.118158 0.761706 0.047182 0.035268
32 0.120472 0.797022 0.046836 0.034608
32 0.116759 0.836598 0.035841 0.044933
32 0.121986 0.876526 0.047874 0.036587
5 0.196273 0.923081 0.054426 0.077628
5 0.244104 0.921161 0.053518 0.079542
5 0.288065 0.920021 0.055810 0.080266
21 0.333657 0.919150 0.048977 0.079390
23 0.379045 0.916988 0.054178 0.079888
24 0.426189 0.913955 0.049410 0.082645
24 0.470198 0.914274 0.047712 0.080320
24 0.515083 0.911641 0.048004 0.079358
26 0.560330 0.910133 0.048415 0.081964
26 0.605085 0.908478 0.053572 0.081163
29 0.430454 0.637646 0.034954 0.047496
28 0.462521 0.635278 0.035560 0.046220
1 0.498189 0.633765 0.034889 0.045550
11 0.531398 0.632331 0.034098 0.049408
4 0.564222 0.631825 0.035682 0.046690
17 0.599374 0.630353 0.035249 0.045678
3 0.431823 0.683041 0.033871 0.046231
10 0.465783 0.681808 0.035449 0.045685
17 0.499244 0.680593 0.034443 0.045452
14 0.532499 0.679184 0.035875 0.046497
10 0.566656 0.677846 0.035862 0.046098
9 0.647073 0.579261 0.044033 0.033797
9 0.645461 0.545913 0.044739 0.037014
12 0.645092 0.510824 0.046291 0.035669
0 0.692665 0.578941 0.045245 0.034237
0 0.691036 0.545094 0.045079 0.035229
18 0.690703 0.511103 0.045452 0.034443
24 0.643437 0.476177 0.046078 0.035263
25 0.641885 0.441627 0.046477 0.035276
6 0.641345 0.407444 0.047236 0.034104
23 0.593043 0.362452 0.033871 0.046231
13 0.558151 0.362715 0.035609 0.044493
4 0.524090 0.363951 0.034643 0.045458
14 0.490320 0.364876 0.037054 0.045938
28 0.455990 0.367021 0.035069 0.046271
11 0.422832 0.368326 0.036321 0.047909
17 0.590573 0.315332 0.035669 0.046291
29 0.374117 0.412952 0.045705 0.036048
8 0.374380 0.447845 0.045472 0.035043
10 0.375522 0.482108 0.045891 0.035655
2 0.377577 0.516741 0.047003 0.039085
14 0.378526 0.551211 0.046517 0.036475
17 0.380458 0.585148 0.046504 0.036075
7 0.329242 0.413748 0.047489 0.035709
12 0.329738 0.449633 0.045685 0.035449
28 0.331183 0.483986 0.045472 0.035043
27 0.833522 0.890227 0.034785 0.044677
27 0.872668 0.892289 0.043995 0.031841
27 0.910499 0.885612 0.036247 0.044726
