2 0.141961 0.913747 0.057170 0.082125
3 0.193735 0.913468 0.054860 0.082770
5 0.243849 0.914169 0.055857 0.083439
6 0.292150 0.913864 0.055200 0.084095
14 0.340445 0.914387 0.052566 0.085730
16 0.389895 0.915414 0.051584 0.087046
18 0.437699 0.915271 0.053230 0.086065
19 0.485341 0.914631 0.050584 0.086046
20 0.535291 0.915000 0.051236 0.084728
23 0.585409 0.915205 0.049599 0.087031
23 0.632716 0.915059 0.050895 0.083402
25 0.681832 0.916414 0.051241 0.085389
26 0.731613 0.917444 0.052890 0.084740
17 0.410262 0.615859 0.033792 0.048495
32 0.446230 0.616865 0.035508 0.051682
28 0.482212 0.616179 0.036328 0.048091
0 0.518612 0.616025 0.035488 0.048931
11 0.555646 0.616087 0.036757 0.048940
25 0.592672 0.617313 0.034633 0.047866
0 0.647355 0.563012 0.047448 0.035265
1 0.647415 0.526296 0.049788 0.036975
7 0.648753 0.488319 0.047254 0.037591
6 0.648177 0.451810 0.048108 0.038656
8 0.648880 0.413934 0.048522 0.037389
29 0.650423 0.377017 0.047260 0.038438
17 0.600653 0.324907 0.036311 0.045763
30 0.564775 0.325911 0.036541 0.048304
26 0.528167 0.325535 0.036536 0.047669
16 0.492392 0.326963 0.035270 0.048083
28 0.455992 0.327012 0.036550 0.049573
11 0.420019 0.326534 0.035701 0.049144
16 0.361274 0.558134 0.049332 0.036219
32 0.361073 0.521567 0.050740 0.035286
29 0.360875 0.484409 0.048879 0.038810
28 0.361384 0.447493 0.046976 0.036673
31 0.362016 0.409870 0.048390 0.036448
32 0.362406 0.373071 0.049090 0.035510
