28 0.669667 0.444549 0.047622 0.036498
28 0.670126 0.478513 0.046386 0.037734
19 0.671741 0.511655 0.044695 0.034396
26 0.672789 0.546460 0.047040 0.033651
29 0.559467 0.600395 0.037641 0.048765
29 0.525336 0.601844 0.035801 0.046719
26 0.491994 0.603796 0.034235 0.045770
18 0.460212 0.606429 0.035835 0.047370
24 0.410243 0.487672 0.044306 0.035242
23 0.408360 0.453564 0.045437 0.036168
29 0.408238 0.419799 0.045152 0.034853
0 0.405807 0.385611 0.047907 0.037813
1 0.618064 0.332086 0.034898 0.046022
18 0.585803 0.333873 0.036775 0.044602
23 0.548864 0.335794 0.044100 0.035448
24 0.510965 0.338092 0.032748 0.046343
5 0.227271 0.898138 0.054382 0.080004
6 0.273944 0.895996 0.055638 0.082340
7 0.319195 0.893927 0.051655 0.082132
9 0.363826 0.890893 0.049934 0.081759
11 0.408171 0.887873 0.053333 0.081652
13 0.451700 0.885609 0.049350 0.081445
15 0.496914 0.882830 0.050562 0.082927
20 0.541297 0.880522 0.051759 0.084124
21 0.585290 0.878947 0.048810 0.081984
27 0.630916 0.875861 0.050307 0.083481
30 0.675696 0.872961 0.048197 0.081101
31 0.721111 0.871312 0.047957 0.081940
31 0.766423 0.867672 0.052897 0.084183
