31 0.645375 0.473214 0.048306 0.035943
28 0.644002 0.508929 0.046932 0.037317
19 0.643887 0.543842 0.045330 0.033883
22 0.643086 0.580472 0.047848 0.032967
29 0.521062 0.630952 0.037088 0.049451
29 0.485119 0.630609 0.035256 0.047390
26 0.449977 0.630838 0.033654 0.046474
18 0.416438 0.631868 0.035256 0.048077
24 0.370421 0.504350 0.044872 0.034799
23 0.370307 0.468407 0.046016 0.035714
29 0.372024 0.432921 0.045788 0.034341
0 0.371337 0.396864 0.048535 0.037317
2 0.597299 0.352221 0.034341 0.046703
18 0.563301 0.352335 0.036401 0.045101
22 0.524382 0.352335 0.044643 0.035027
24 0.484432 0.352679 0.032051 0.047161
5 0.155725 0.925659 0.053058 0.081535
0 0.204886 0.925959 0.054257 0.083933
7 0.252548 0.926259 0.050060 0.083933
9 0.299610 0.925510 0.048261 0.083633
11 0.346373 0.924760 0.051859 0.083333
13 0.392236 0.924760 0.047662 0.083333
15 0.439898 0.924311 0.048861 0.084832
20 0.486661 0.924311 0.050060 0.086031
21 0.532974 0.925060 0.047062 0.083933
27 0.581085 0.924311 0.048561 0.085432
30 0.628297 0.923711 0.046463 0.083034
31 0.676109 0.924460 0.046163 0.083933
31 0.723921 0.923112 0.051259 0.086031
