4 0.071889 0.059877 0.034202 0.050651
2 0.106962 0.062173 0.036173 0.057082
3 0.147604 0.055935 0.048719 0.044816
18 0.382648 0.328125 0.036450 0.055965
33 0.416738 0.328608 0.037575 0.059321
32 0.452362 0.327550 0.039524 0.056252
27 0.487710 0.327890 0.037012 0.057643
2 0.522778 0.328091 0.037854 0.059322
30 0.559521 0.327590 0.036460 0.060716
19 0.558838 0.272266 0.037554 0.050100
8 0.523350 0.271507 0.036992 0.048422
28 0.609228 0.376797 0.047313 0.040901
33 0.610851 0.415493 0.047592 0.040622
22 0.609822 0.454754 0.048147 0.038668
18 0.609351 0.494433 0.046473 0.039781
28 0.610419 0.534388 0.048989 0.040346
33 0.657641 0.534143 0.047872 0.040623
22 0.659129 0.574935 0.046199 0.042296
22 0.610786 0.573506 0.049544 0.038671
1 0.558662 0.630625 0.035610 0.055405
12 0.522052 0.628332 0.036718 0.051216
19 0.486712 0.631345 0.038679 0.053176
27 0.450666 0.631286 0.035321 0.051213
9 0.415038 0.630387 0.035605 0.053169
30 0.380112 0.631304 0.036723 0.053172
31 0.380376 0.686489 0.037568 0.056247
4 0.415302 0.685992 0.036450 0.055965
0 0.451345 0.684794 0.034769 0.054285
25 0.487671 0.685411 0.034220 0.058475
33 0.329242 0.374629 0.048990 0.040905
28 0.329329 0.413468 0.048987 0.039787
25 0.328859 0.453008 0.050107 0.040628
29 0.329647 0.493103 0.049832 0.042583
30 0.330432 0.531661 0.050665 0.040350
7 0.329403 0.571342 0.050101 0.038113
9 0.280203 0.374180 0.045915 0.040339
5 0.279730 0.412881 0.046469 0.038384
18 0.281080 0.454162 0.047308 0.038526
24 0.698797 0.910836 0.048329 0.092316
23 0.646863 0.941688 0.047379 0.084242
22 0.599208 0.942416 0.045837 0.088585
22 0.553255 0.941122 0.046451 0.085792
21 0.506222 0.942313 0.048004 0.086106
16 0.460272 0.942261 0.046765 0.087035
16 0.414167 0.941898 0.049562 0.088594
15 0.367757 0.944020 0.049869 0.087042
14 0.321653 0.944279 0.053282 0.086118
13 0.274150 0.943764 0.054526 0.086742
6 0.230530 0.944482 0.047386 0.087347
5 0.180855 0.944283 0.042412 0.084231
4 0.136304 0.945004 0.058867 0.084268
24 0.044563 0.807205 0.036125 0.049755
25 0.049167 0.852989 0.048206 0.037674
26 0.050494 0.891174 0.050076 0.040783
