2 0.16014194 0.94562729 0.06112637 0.07989927
2 0.20718864 0.94528388 0.05723443 0.08287546
2 0.25389194 0.94551282 0.05082418 0.08150183
3 0.30002289 0.94516941 0.05013736 0.08173077
3 0.34695513 0.94482601 0.05151099 0.08241758
18 0.39388736 0.94436813 0.05105311 0.08287546
18 0.44036172 0.94436813 0.04922161 0.08516484
19 0.48706502 0.94391026 0.04922161 0.08424908
20 0.53456960 0.94310897 0.04830586 0.08447802
20 0.58001374 0.94265110 0.04532967 0.08630952
22 0.62717491 0.94219322 0.04899267 0.08768315
23 0.67422161 0.94162088 0.04739011 0.08836996
23 0.72241300 0.94150641 0.05082418 0.08951465
29 0.40931373 0.64441931 0.03770739 0.05203620
31 0.44494721 0.64536199 0.03657617 0.05165913
27 0.47907240 0.64498492 0.03695324 0.05392157
33 0.51546003 0.64404223 0.03506787 0.05203620
6 0.55071644 0.64479638 0.03846154 0.05203620
6 0.58446456 0.64781297 0.03733032 0.05279035
0 0.40969080 0.69720965 0.03695324 0.05354449
13 0.44438160 0.69720965 0.03619910 0.05354449
32 0.48001508 0.69815234 0.03582202 0.05467572
11 0.51527149 0.69834087 0.03619910 0.05656109
9 0.54939668 0.69739819 0.03431373 0.05844646
29 0.63819759 0.59162896 0.04826546 0.04336350
33 0.63914027 0.55260181 0.05090498 0.04223228
17 0.63725490 0.51451735 0.04939668 0.03996983
0 0.63819759 0.47605581 0.04901961 0.03921569
1 0.63763198 0.43985671 0.05015083 0.03996983
1 0.63687783 0.40139517 0.04713424 0.03996983
11 0.68646305 0.59238311 0.04977376 0.04185520
9 0.68570890 0.55184766 0.05128205 0.03846154
17 0.68495475 0.51319759 0.05279035 0.03959276
3 0.68438914 0.47530166 0.04939668 0.03921569
5 0.68665158 0.43721719 0.05165913 0.03846154
31 0.35953997 0.59238311 0.04638009 0.04374057
27 0.35935143 0.55241327 0.04977376 0.04072398
15 0.36029412 0.51414027 0.04864253 0.04260935
12 0.35916290 0.47511312 0.05015083 0.03695324
12 0.36067119 0.43627451 0.04939668 0.03770739
31 0.35916290 0.39969834 0.04939668 0.03921569
28 0.31353695 0.40064103 0.04713424 0.03657617
8 0.31297134 0.43646305 0.04600302 0.04034691
16 0.31278281 0.47549020 0.04713424 0.03846154
16 0.31240573 0.51338612 0.04939668 0.04110106
28 0.58861237 0.35539216 0.03544495 0.05731523
28 0.58861237 0.30335596 0.03695324 0.05354449
10 0.55411011 0.30335596 0.03733032 0.05052790
33 0.55505279 0.35671192 0.03695324 0.05769231
32 0.51960784 0.35595777 0.03318250 0.05995475
29 0.48359729 0.35595777 0.03657617 0.05542986
9 0.44777526 0.35595777 0.03733032 0.05618401
14 0.41214178 0.35576923 0.03770739 0.05656109
8 0.51941931 0.30335596 0.03506787 0.05052790
4 0.48303167 0.30071644 0.03770739 0.04977376
