9 0.343316 0.613425 0.047496 0.048188
0 0.345194 0.571510 0.048315 0.041740
28 0.346032 0.532984 0.048278 0.040839
33 0.347548 0.495570 0.047910 0.040644
29 0.348894 0.457878 0.047491 0.039187
29 0.350594 0.420381 0.048617 0.040312
26 0.305534 0.418104 0.046475 0.040766
32 0.302402 0.457530 0.047391 0.041163
17 0.389905 0.664888 0.035914 0.051139
18 0.423435 0.666427 0.035524 0.050403
29 0.457485 0.668529 0.036289 0.051514
5 0.490233 0.669313 0.034983 0.050381
19 0.523507 0.670481 0.036289 0.051514
28 0.557489 0.672038 0.037235 0.052632
16 0.455125 0.720087 0.038014 0.054104
10 0.420906 0.717707 0.037676 0.054630
21 0.387120 0.715797 0.034567 0.053424
3 0.145059 0.951075 0.058749 0.081586
3 0.191316 0.952768 0.057862 0.081910
6 0.233675 0.954845 0.053189 0.082081
6 0.278677 0.956306 0.052677 0.082780
7 0.321969 0.957515 0.054112 0.082471
7 0.366146 0.957981 0.052022 0.081539
8 0.409957 0.958973 0.050572 0.079555
8 0.454520 0.959341 0.049887 0.078818
10 0.497455 0.959954 0.048445 0.077591
12 0.542976 0.960889 0.047197 0.075722
23 0.586255 0.961773 0.046468 0.073954
24 0.629014 0.961827 0.046549 0.073846
25 0.672682 0.962509 0.048676 0.072483
27 0.610778 0.622467 0.048554 0.045897
31 0.612553 0.582470 0.048663 0.040986
19 0.655563 0.623972 0.048812 0.044679
29 0.656414 0.583939 0.050226 0.041664
18 0.612362 0.545323 0.047627 0.038180
25 0.614153 0.508717 0.048380 0.041589
28 0.614559 0.472056 0.049228 0.039780
17 0.616240 0.434368 0.049499 0.038870
8 0.571321 0.382925 0.037605 0.056206
0 0.538038 0.382810 0.037040 0.057412
30 0.504485 0.381759 0.037581 0.055591
31 0.471128 0.383490 0.035809 0.057362
32 0.436591 0.380088 0.041028 0.057266
18 0.402410 0.379320 0.038050 0.059603
0 0.573999 0.332024 0.039215 0.050434
27 0.540637 0.330056 0.035215 0.050272
