9 0.376711 0.628982 0.047245 0.047949
0 0.375644 0.586828 0.048140 0.041455
28 0.373773 0.548145 0.048113 0.040548
33 0.372659 0.510528 0.047745 0.040356
29 0.371356 0.472644 0.047339 0.038895
29 0.370420 0.434931 0.048459 0.040015
26 0.325085 0.435820 0.046300 0.040495
32 0.324720 0.475567 0.047217 0.040884
17 0.427041 0.677299 0.035563 0.051044
18 0.460766 0.676482 0.035179 0.050308
29 0.495050 0.676192 0.035937 0.051418
5 0.527938 0.674674 0.034636 0.050292
19 0.561380 0.673502 0.035937 0.051418
28 0.595558 0.672672 0.036875 0.052532
16 0.496314 0.728048 0.037644 0.054004
10 0.461840 0.728071 0.037297 0.054537
21 0.427832 0.728534 0.034183 0.053358
3 0.201710 0.969746 0.058198 0.058009
3 0.248205 0.968883 0.057303 0.059735
6 0.290818 0.968377 0.052600 0.060745
6 0.336038 0.967349 0.052077 0.062801
7 0.379534 0.966513 0.053522 0.064474
7 0.423949 0.965418 0.051401 0.066663
8 0.468004 0.964868 0.049945 0.067765
8 0.512763 0.963666 0.049247 0.070168
10 0.555893 0.962766 0.047796 0.071968
12 0.601674 0.962098 0.046538 0.073305
23 0.645180 0.961459 0.045808 0.074582
24 0.688126 0.960007 0.045867 0.077486
25 0.731973 0.959160 0.048015 0.079180
27 0.645495 0.619223 0.048335 0.045633
31 0.644459 0.578999 0.048498 0.040693
19 0.690500 0.617581 0.048608 0.044405
29 0.688536 0.577384 0.050063 0.041357
18 0.641653 0.541770 0.047488 0.037881
25 0.640873 0.504945 0.048207 0.041302
28 0.638700 0.468161 0.049080 0.039473
17 0.637732 0.430258 0.049362 0.038554
8 0.589077 0.381845 0.037209 0.056123
0 0.555701 0.384072 0.036627 0.057342
30 0.521988 0.385380 0.037191 0.055504
31 0.488667 0.389463 0.035389 0.057305
32 0.453802 0.388483 0.040640 0.057152
18 0.419480 0.390118 0.037619 0.059535
0 0.588180 0.330625 0.038891 0.050299
27 0.554594 0.331000 0.034869 0.050180
