9 0.35972851 0.59389140 0.04769985 0.04845400
0 0.35991704 0.55005656 0.04883107 0.04166667
28 0.35916290 0.50980392 0.04883107 0.04072398
33 0.35916290 0.47068250 0.04845400 0.04053544
29 0.35897436 0.43127828 0.04807692 0.03902715
29 0.35916290 0.39206259 0.04920814 0.04015837
26 0.31202866 0.39159125 0.04694570 0.04072398
32 0.31042609 0.43288084 0.04788839 0.04110106
17 0.41053922 0.64564480 0.03544495 0.05203620
18 0.44560709 0.64583333 0.03506787 0.05128205
29 0.48124057 0.64658748 0.03582202 0.05241327
5 0.51546003 0.64602187 0.03450226 0.05128205
19 0.55024510 0.64583333 0.03582202 0.05241327
28 0.58578431 0.64602187 0.03676471 0.05354449
16 0.48095777 0.70050905 0.03751885 0.05505279
10 0.44513575 0.69947210 0.03714178 0.05561840
21 0.40978507 0.69890649 0.03393665 0.05448718
3 0.16704374 0.95475113 0.05806938 0.08295626
3 0.21540347 0.95456259 0.05712670 0.08333333
6 0.25970965 0.95493967 0.05222474 0.08371041
6 0.30674962 0.95456259 0.05165913 0.08446456
7 0.35199849 0.95409125 0.05316742 0.08427602
7 0.39819005 0.95409125 0.05090498 0.08616139
8 0.44400452 0.95418552 0.04939668 0.08597285
8 0.49057315 0.95352564 0.04864253 0.08691554
10 0.53544495 0.95296003 0.04713424 0.08691554
12 0.58305053 0.95314857 0.04581448 0.08729261
23 0.62829940 0.95305430 0.04506033 0.08710407
24 0.67298265 0.95239442 0.04506033 0.08917798
25 0.71860860 0.95154600 0.04732278 0.08823529
27 0.63931789 0.59202059 0.04890605 0.04601030
31 0.63947876 0.55019305 0.04922780 0.04086229
19 0.68613256 0.59169884 0.04922780 0.04472329
29 0.68532819 0.54987130 0.05083655 0.04150579
18 0.63770914 0.51142214 0.04826255 0.03796654
25 0.63803089 0.47313385 0.04890605 0.04150579
28 0.63690476 0.43484556 0.04987130 0.03957529
17 0.63706564 0.39543115 0.05019305 0.03861004
8 0.58799871 0.34362934 0.03700129 0.05727156
0 0.55324968 0.34491634 0.03635779 0.05855856
30 0.51817889 0.34523810 0.03700129 0.05662806
31 0.48342986 0.34845560 0.03507079 0.05855856
32 0.44723295 0.34636422 0.04054054 0.05823681
18 0.41151866 0.34700772 0.03732304 0.06081081
0 0.58864221 0.29037967 0.03893179 0.05115830
27 0.55373230 0.28973616 0.03474903 0.05115830
