27 0.587838 0.349903 0.038610 0.060167
31 0.553250 0.350064 0.036358 0.061776
11 0.516248 0.348295 0.037001 0.060167
25 0.481017 0.347490 0.037967 0.060489
28 0.444015 0.347008 0.036680 0.057593
17 0.407935 0.345435 0.035539 0.056985
29 0.552928 0.291506 0.036358 0.054054
19 0.587999 0.291345 0.036358 0.053732
28 0.639157 0.394466 0.046332 0.039897
19 0.638031 0.434363 0.045367 0.039897
5 0.638835 0.474260 0.048906 0.040541
29 0.638835 0.514318 0.048263 0.041506
18 0.638353 0.553250 0.048584 0.040219
21 0.686937 0.593147 0.049228 0.038932
17 0.638031 0.592181 0.050515 0.040219
9 0.588481 0.649936 0.035071 0.054054
0 0.551963 0.650257 0.034749 0.057272
28 0.518018 0.651062 0.035714 0.055663
33 0.482304 0.649292 0.035714 0.053411
10 0.686454 0.554215 0.047297 0.037967
29 0.446911 0.650257 0.037323 0.057593
29 0.410553 0.648810 0.036680 0.054698
26 0.411036 0.702542 0.037001 0.053411
5 0.361326 0.590251 0.047619 0.041828
32 0.360039 0.550354 0.050193 0.040219
31 0.360682 0.512066 0.050837 0.038288
30 0.360521 0.471847 0.049871 0.039575
0 0.358430 0.432272 0.050193 0.038288
0 0.310972 0.394788 0.049228 0.041184
8 0.358269 0.394305 0.049871 0.042793
27 0.310489 0.435650 0.048906 0.041828
4 0.174067 0.954151 0.055663 0.084620
4 0.222329 0.953346 0.052445 0.081725
5 0.266088 0.954633 0.050515 0.083655
7 0.312580 0.954311 0.050837 0.085586
7 0.357304 0.954151 0.049550 0.084620
15 0.402349 0.954311 0.048906 0.083012
15 0.446429 0.953990 0.048906 0.083655
20 0.492600 0.954311 0.048584 0.084299
22 0.538127 0.953829 0.045045 0.083333
22 0.585264 0.952703 0.045367 0.086873
23 0.630952 0.951898 0.046332 0.087194
24 0.675676 0.951577 0.047619 0.087194
32 0.722008 0.952220 0.049550 0.086551
14 0.781532 0.952703 0.057915 0.086229
