27 0.618366 0.340081 0.041410 0.063601
31 0.582181 0.340833 0.039081 0.065246
18 0.543439 0.339606 0.039727 0.063574
25 0.506565 0.339358 0.040743 0.063926
28 0.467844 0.339478 0.039347 0.060875
17 0.430069 0.338441 0.038144 0.060220
29 0.580856 0.279572 0.038951 0.057167
19 0.617546 0.278812 0.038945 0.056830
28 0.672810 0.385838 0.049147 0.042523
19 0.672305 0.427599 0.048138 0.042507
5 0.673819 0.469327 0.051851 0.043240
29 0.674495 0.511237 0.051194 0.044239
18 0.674647 0.551977 0.051509 0.042898
21 0.726151 0.592899 0.052161 0.041562
17 0.674967 0.592715 0.053529 0.042931
9 0.624101 0.653975 0.037604 0.057145
0 0.585899 0.654928 0.037322 0.060506
28 0.550399 0.656342 0.038305 0.058839
33 0.513003 0.655093 0.038267 0.056483
10 0.724989 0.552176 0.050125 0.040520
29 0.475990 0.656700 0.040021 0.060886
29 0.437927 0.655799 0.039298 0.057845
26 0.439339 0.712007 0.039613 0.056504
18 0.385435 0.595363 0.050527 0.044565
32 0.383415 0.553643 0.053192 0.042925
31 0.383443 0.513574 0.053833 0.040916
30 0.382596 0.471498 0.052845 0.042247
0 0.379740 0.430128 0.053160 0.040906
0 0.329455 0.391712 0.052199 0.043919
8 0.378931 0.390409 0.052899 0.045613
27 0.329640 0.434471 0.051873 0.044587
4 0.195657 0.966631 0.059664 0.064238
4 0.246138 0.966574 0.056249 0.064352
5 0.291941 0.966381 0.054262 0.064737
7 0.340578 0.965315 0.054631 0.066871
7 0.387367 0.965111 0.053268 0.067278
15 0.434497 0.965239 0.052568 0.067023
15 0.480610 0.964530 0.052579 0.068439
20 0.528921 0.964142 0.052253 0.069216
22 0.576546 0.963773 0.048534 0.069954
22 0.625843 0.961859 0.048930 0.073782
23 0.673630 0.960965 0.049945 0.075570
24 0.720416 0.960414 0.051292 0.076672
32 0.768901 0.960520 0.053301 0.076461
14 0.831186 0.960319 0.062048 0.076862
