29 0.912758 0.275254 0.065773 0.090593
28 0.699615 0.278047 0.071358 0.097419
32 0.768491 0.275875 0.075081 0.095557
17 0.841090 0.278357 0.071358 0.098039
11 0.972797 0.276495 0.049342 0.093075
32 0.599715 0.170079 0.094937 0.075081
11 0.598474 0.097171 0.096178 0.070737
27 0.599715 0.029970 0.093696 0.059940
31 0.031956 0.601328 0.063912 0.097419
31 0.042504 0.681993 0.085009 0.072599
31 0.042504 0.754902 0.085009 0.074460
3 0.185840 0.856664 0.116034 0.161330
4 0.285741 0.856044 0.109829 0.165053
5 0.380678 0.856354 0.109829 0.161951
6 0.478096 0.855113 0.106106 0.161951
10 0.569310 0.855113 0.107347 0.163192
11 0.664247 0.854182 0.099901 0.158848
13 0.758563 0.853562 0.096178 0.162571
14 0.854430 0.854492 0.097419 0.163812
18 0.947816 0.855113 0.094316 0.163812
