17 0.551531 0.360281 0.039787 0.051560
9 0.514393 0.361102 0.037341 0.053341
30 0.479777 0.364821 0.037613 0.052405
32 0.442195 0.366298 0.039893 0.053779
29 0.406537 0.368160 0.040889 0.054776
7 0.604029 0.408296 0.049613 0.038745
27 0.605167 0.445418 0.049643 0.039379
22 0.606568 0.481416 0.050262 0.039092
0 0.609201 0.519897 0.050020 0.040662
24 0.610973 0.556989 0.049960 0.039394
29 0.610480 0.593236 0.050533 0.038156
29 0.486485 0.651588 0.035816 0.047891
28 0.377654 0.658216 0.038836 0.051515
32 0.412791 0.655425 0.040692 0.050654
17 0.449944 0.654922 0.038851 0.051832
11 0.523290 0.650465 0.039681 0.049341
16 0.559801 0.649833 0.040360 0.050322
32 0.323978 0.605491 0.050337 0.040677
11 0.321565 0.568271 0.050865 0.038488
27 0.320404 0.530673 0.049643 0.039379
10 0.318602 0.492947 0.048375 0.039318
13 0.317615 0.455658 0.050548 0.038473
10 0.315059 0.418762 0.049673 0.040013
31 0.042045 0.839794 0.039787 0.051560
31 0.049403 0.880750 0.049960 0.039394
31 0.051183 0.918001 0.050005 0.040345
3 0.129277 0.961251 0.063221 0.074998
4 0.180303 0.959436 0.060142 0.078628
5 0.228816 0.958753 0.060066 0.079994
6 0.278559 0.957270 0.058164 0.082960
10 0.325162 0.955991 0.058828 0.085518
11 0.373644 0.953438 0.054918 0.083597
13 0.421817 0.950820 0.053107 0.085408
14 0.470820 0.948955 0.053771 0.086073
18 0.518548 0.946993 0.052186 0.085997
19 0.567868 0.945114 0.051235 0.085951
22 0.615830 0.941393 0.053469 0.086374
22 0.663037 0.938503 0.053560 0.088277
23 0.713799 0.936873 0.054722 0.086118
