33 0.733822 0.901168 0.049386 0.090420
2 0.136199 0.906361 0.052893 0.089332
5 0.181024 0.906477 0.048780 0.089140
5 0.226672 0.906587 0.050593 0.089646
7 0.270761 0.907284 0.046641 0.088962
8 0.315825 0.906164 0.045814 0.088298
18 0.361549 0.905451 0.046155 0.090110
19 0.406209 0.905322 0.045995 0.090767
19 0.449793 0.904376 0.046321 0.090440
24 0.495276 0.904488 0.046493 0.091592
24 0.538699 0.903873 0.044520 0.091579
26 0.584589 0.903323 0.047150 0.091432
27 0.630645 0.903020 0.045014 0.091747
32 0.676693 0.901565 0.050931 0.091128
