16 0.307164 0.093056 0.119407 0.169055
29 0.190586 0.095569 0.116264 0.169055
10 0.072122 0.092113 0.123177 0.164656
13 0.472448 0.256454 0.157114 0.121292
1 0.469935 0.383402 0.157114 0.122549
27 0.467735 0.508465 0.158999 0.126320
32 0.468678 0.634157 0.155857 0.128834
33 0.468049 0.762047 0.163399 0.123177
9 0.465535 0.890881 0.163399 0.130719
9 0.626106 0.889938 0.153972 0.130091
26 0.626735 0.759534 0.155229 0.126948
7 0.623592 0.631643 0.160256 0.120035
16 0.625792 0.507208 0.155857 0.118778
28 0.627991 0.381203 0.155229 0.126948
