1 0.544935 0.120902 0.157114 0.122549
27 0.542735 0.245965 0.158999 0.126320
32 0.543678 0.371657 0.155857 0.128834
33 0.543049 0.499547 0.163399 0.123177
9 0.540535 0.628381 0.163399 0.130719
9 0.701106 0.627438 0.153972 0.130091
26 0.701735 0.497034 0.155229 0.126948
7 0.698592 0.369143 0.160256 0.120035
16 0.700792 0.244708 0.155857 0.118778
28 0.702991 0.118703 0.155229 0.126948
0 0.037119 0.801903 0.074237 0.165127
29 0.136510 0.801553 0.120347 0.164428
30 0.260355 0.803303 0.118948 0.160929
30 0.377554 0.800854 0.122446 0.168626
23 0.133711 0.940850 0.116149 0.109967
15 0.254058 0.942599 0.117548 0.106469
