28 0.555341 0.295261 0.038032 0.054515
8 0.517464 0.295175 0.038760 0.052454
16 0.481707 0.296597 0.036979 0.053969
7 0.445284 0.297386 0.036946 0.052668
5 0.409140 0.298949 0.039033 0.052981
31 0.556166 0.348604 0.038592 0.056089
12 0.518969 0.349672 0.038599 0.056349
12 0.482571 0.351501 0.039580 0.054034
15 0.446141 0.352030 0.038039 0.054775
27 0.410225 0.352285 0.039646 0.056636
31 0.375216 0.352387 0.038826 0.055055
14 0.608938 0.397382 0.049371 0.040242
9 0.610212 0.437568 0.050445 0.041569
29 0.610280 0.476353 0.051693 0.039521
32 0.611225 0.513814 0.049599 0.038948
33 0.613113 0.552552 0.049339 0.038942
28 0.613453 0.591851 0.050132 0.039482
28 0.662614 0.590350 0.050692 0.041056
10 0.661880 0.550932 0.048552 0.038662
8 0.660496 0.511530 0.051433 0.039514
4 0.660276 0.471838 0.049332 0.038681
6 0.659324 0.434117 0.049852 0.038695
29 0.381995 0.652094 0.036452 0.053695
33 0.418282 0.651049 0.037785 0.055029
17 0.454835 0.650257 0.039014 0.052200
0 0.492202 0.650746 0.038760 0.052454
1 0.527949 0.648933 0.039040 0.053241
1 0.565274 0.647731 0.036673 0.052141
11 0.383037 0.703740 0.037433 0.051380
9 0.419467 0.703211 0.037414 0.050600
17 0.455745 0.701775 0.037713 0.052167
3 0.493219 0.701351 0.036633 0.050580
5 0.527818 0.700478 0.038207 0.051140
29 0.322085 0.402926 0.048077 0.040470
31 0.322426 0.442224 0.048324 0.039956
27 0.322617 0.480746 0.048805 0.038408
33 0.324876 0.518694 0.048845 0.039969
6 0.325980 0.557322 0.049059 0.038155
6 0.328236 0.595141 0.049105 0.039976
0 0.272108 0.403015 0.051219 0.041329
13 0.272829 0.441914 0.049625 0.039989
32 0.273732 0.482890 0.052025 0.042389
11 0.274974 0.521775 0.049391 0.041023
9 0.276813 0.558563 0.050659 0.039755
0 0.139992 0.960744 0.061153 0.076013
3 0.187342 0.960410 0.060613 0.076680
4 0.235722 0.959673 0.060093 0.078154
5 0.282525 0.957921 0.058604 0.081657
13 0.329895 0.957861 0.055996 0.081778
14 0.378265 0.957267 0.053362 0.082966
19 0.425599 0.956267 0.055456 0.084967
19 0.472922 0.954494 0.051248 0.083706
20 0.520522 0.953033 0.049453 0.084701
21 0.567075 0.951339 0.050533 0.086288
22 0.614708 0.951178 0.050507 0.085248
24 0.662988 0.950871 0.049226 0.085995
25 0.711359 0.949001 0.053381 0.085840
