28 0.588384 0.307323 0.035606 0.052020
8 0.551641 0.306313 0.036364 0.050000
16 0.516919 0.306818 0.034596 0.051515
7 0.481566 0.306692 0.034596 0.050253
5 0.446465 0.307323 0.036616 0.050505
31 0.587879 0.359091 0.036111 0.053535
12 0.551768 0.359217 0.036111 0.053788
12 0.516414 0.360101 0.037121 0.051515
15 0.481061 0.359722 0.035606 0.052273
27 0.446212 0.359091 0.037121 0.054040
31 0.412247 0.358333 0.036364 0.052525
14 0.637879 0.407702 0.046970 0.037879
9 0.638131 0.446717 0.047980 0.039141
29 0.637247 0.484343 0.049242 0.037121
32 0.637247 0.520707 0.047222 0.036616
33 0.638131 0.558333 0.046970 0.036616
28 0.637500 0.596465 0.047727 0.037121
28 0.685227 0.596212 0.048232 0.038636
10 0.685480 0.557955 0.046212 0.036364
8 0.685101 0.519697 0.048990 0.037121
32 0.685859 0.481187 0.046970 0.036364
6 0.685859 0.444571 0.047475 0.036364
29 0.411490 0.649242 0.034091 0.051263
33 0.446717 0.649116 0.035354 0.052525
17 0.482197 0.649242 0.036616 0.049747
0 0.518434 0.650631 0.036364 0.050000
1 0.553157 0.649747 0.036616 0.050758
1 0.589394 0.649495 0.034343 0.049747
11 0.411237 0.699369 0.035101 0.048990
9 0.446591 0.699747 0.035101 0.048232
17 0.481818 0.699242 0.035354 0.049747
3 0.518182 0.699747 0.034343 0.048232
5 0.551768 0.699747 0.035859 0.048737
29 0.359470 0.406061 0.045707 0.038131
31 0.358838 0.444192 0.045960 0.037626
27 0.358081 0.481566 0.046465 0.036111
33 0.359343 0.518434 0.046465 0.037626
6 0.359470 0.555934 0.046717 0.035859
6 0.360732 0.592677 0.046717 0.037626
32 0.310985 0.404924 0.048737 0.038889
13 0.310732 0.442677 0.047222 0.037626
32 0.310606 0.482449 0.049495 0.039899
11 0.310859 0.520202 0.046970 0.038636
29 0.311742 0.555934 0.048232 0.037374
0 0.169066 0.946970 0.057323 0.080808
3 0.215025 0.947096 0.056818 0.080051
4 0.261995 0.946843 0.056313 0.080051
33 0.307449 0.945960 0.054798 0.082828
13 0.353409 0.946843 0.052273 0.082576
14 0.400379 0.946212 0.049747 0.081313
19 0.446338 0.945707 0.051768 0.081818
19 0.492298 0.944823 0.047727 0.080051
20 0.538510 0.944571 0.045960 0.081061
21 0.583712 0.944066 0.046970 0.082576
22 0.629924 0.945076 0.046970 0.081566
24 0.676768 0.945960 0.045707 0.082323
25 0.723737 0.945328 0.049747 0.082071
