29 0.590686 0.353601 0.035633 0.051471
32 0.554676 0.351621 0.036011 0.049397
0 0.520456 0.351716 0.035822 0.050716
9 0.484917 0.352281 0.036388 0.050716
17 0.359351 0.399604 0.046380 0.036765
9 0.359917 0.436463 0.047134 0.035822
30 0.357655 0.475019 0.048643 0.038650
22 0.357843 0.513009 0.048265 0.037707
29 0.357560 0.549962 0.048077 0.035822
10 0.409031 0.643759 0.033560 0.047700
13 0.443345 0.643382 0.035445 0.047323
10 0.478978 0.642440 0.035068 0.048454
27 0.513480 0.643759 0.035445 0.049585
11 0.547511 0.642534 0.034502 0.046380
28 0.637443 0.589932 0.045060 0.035445
22 0.637821 0.552508 0.046192 0.037896
24 0.638292 0.515649 0.046003 0.037330
29 0.637915 0.477281 0.046003 0.036765
31 0.158672 0.945010 0.054748 0.080911
0 0.209181 0.944404 0.054506 0.084060
1 0.254118 0.944283 0.050872 0.082849
2 0.301357 0.944646 0.050872 0.083091
8 0.347020 0.944525 0.053052 0.083333
16 0.393411 0.945736 0.050388 0.083818
17 0.439922 0.944767 0.047238 0.085271
22 0.486313 0.944162 0.047965 0.085514
24 0.532703 0.943556 0.048692 0.086240
32 0.581032 0.943314 0.047723 0.085756
31 0.627786 0.942466 0.047723 0.086483
31 0.673086 0.943193 0.047238 0.087452
32 0.722989 0.942951 0.053537 0.089390
