16 0.603021 0.370374 0.036201 0.052948
29 0.566300 0.370810 0.036861 0.054037
10 0.529487 0.369403 0.035968 0.050997
17 0.492981 0.370058 0.037501 0.052960
10 0.456682 0.371689 0.036821 0.049488
6 0.420192 0.370502 0.035320 0.051208
31 0.603592 0.317632 0.037275 0.051875
25 0.565891 0.318601 0.038145 0.052315
13 0.653467 0.422697 0.046921 0.040480
1 0.652141 0.462760 0.049300 0.040068
27 0.651043 0.501417 0.050381 0.039861
32 0.650261 0.541160 0.049733 0.040072
7 0.699651 0.541160 0.048867 0.040064
33 0.649047 0.580790 0.050607 0.040946
26 0.699088 0.580580 0.050596 0.039646
9 0.649344 0.620976 0.050594 0.039429
9 0.698960 0.619895 0.050586 0.038563
30 0.596568 0.673693 0.036612 0.050353
30 0.558870 0.674445 0.037482 0.050794
29 0.522156 0.674015 0.037263 0.050575
0 0.484679 0.674227 0.039013 0.052540
9 0.446667 0.673786 0.038366 0.052751
14 0.482603 0.725765 0.036179 0.050349
5 0.445773 0.726200 0.036184 0.050999
8 0.409308 0.672808 0.036857 0.053604
31 0.409493 0.725773 0.036817 0.049055
27 0.358891 0.617127 0.049503 0.038554
7 0.359993 0.577929 0.048447 0.041577
30 0.359810 0.537095 0.048000 0.040057
28 0.362212 0.497907 0.050372 0.038778
8 0.362448 0.458593 0.047584 0.042002
0 0.362596 0.417112 0.050163 0.039642
15 0.313416 0.417872 0.051905 0.040741
8 0.312530 0.457180 0.051265 0.041818
2 0.311652 0.495514 0.047997 0.039623
23 0.730509 0.971587 0.054934 0.054326
22 0.682479 0.971903 0.047768 0.053694
21 0.636256 0.970401 0.057489 0.056697
18 0.582610 0.970435 0.051344 0.056630
18 0.536116 0.969982 0.048287 0.057536
14 0.486296 0.970013 0.050842 0.057473
12 0.435987 0.969021 0.053388 0.059459
12 0.388971 0.970089 0.054387 0.057321
11 0.340941 0.968346 0.054446 0.060808
10 0.292654 0.969655 0.060021 0.058191
5 0.245391 0.969448 0.059514 0.058603
4 0.196068 0.970770 0.056942 0.055959
3 0.148055 0.969791 0.057964 0.057918
