3 0.117255 0.951068 0.060242 0.090230
4 0.167143 0.953079 0.060261 0.090660
9 0.215769 0.953493 0.058618 0.090514
11 0.265432 0.954166 0.059125 0.089167
12 0.312778 0.955007 0.059067 0.087487
13 0.363702 0.955738 0.057052 0.086025
15 0.411382 0.957457 0.056173 0.082586
16 0.461513 0.958580 0.055666 0.080341
17 0.508606 0.959205 0.055293 0.079090
17 0.560419 0.960600 0.053105 0.076300
31 0.814720 0.976593 0.051996 0.040083
31 0.858408 0.971893 0.038947 0.053713
31 0.893031 0.972221 0.040295 0.053057
9 0.684006 0.603900 0.051682 0.042644
7 0.685585 0.563688 0.052876 0.040552
29 0.633464 0.602076 0.054768 0.044498
27 0.636644 0.559780 0.051194 0.041335
27 0.637783 0.519763 0.049866 0.040418
33 0.640681 0.478963 0.052914 0.041412
32 0.642652 0.439629 0.053325 0.041001
7 0.644154 0.401136 0.055494 0.041527
9 0.595876 0.348573 0.040237 0.055436
5 0.599478 0.296818 0.041039 0.054185
20 0.562060 0.295364 0.040275 0.056296
29 0.560689 0.350234 0.040686 0.055886
22 0.524384 0.347968 0.042779 0.054692
3 0.484816 0.346418 0.042874 0.056841
19 0.449233 0.342460 0.039607 0.060558
7 0.411132 0.341837 0.044318 0.060339
27 0.352363 0.389191 0.055160 0.043658
32 0.352279 0.429686 0.051643 0.041784
33 0.350055 0.469871 0.054242 0.042329
30 0.347664 0.508970 0.055571 0.043247
30 0.344423 0.547816 0.053402 0.042721
26 0.341611 0.586682 0.048576 0.040360
29 0.393590 0.648026 0.038010 0.053620
30 0.431739 0.647575 0.040199 0.054576
27 0.467685 0.653056 0.040544 0.062316
29 0.504731 0.653202 0.039550 0.059268
19 0.540830 0.655243 0.039319 0.054108
8 0.580379 0.657224 0.040237 0.055436
22 0.391416 0.701569 0.041976 0.055943
20 0.430377 0.702230 0.038947 0.055379
