3 0.179205 0.935370 0.053454 0.082329
4 0.225654 0.934604 0.053459 0.082730
9 0.270894 0.933251 0.051876 0.084312
11 0.317144 0.932687 0.052296 0.085919
12 0.361181 0.931149 0.052282 0.084717
13 0.408640 0.931171 0.050314 0.087496
15 0.453101 0.931630 0.049508 0.087086
16 0.499743 0.930260 0.049088 0.085479
17 0.543588 0.929525 0.048702 0.086676
17 0.591841 0.928937 0.046690 0.085850
31 0.828455 0.922247 0.047281 0.035810
31 0.868834 0.916348 0.034648 0.050470
31 0.901067 0.915754 0.035864 0.051686
9 0.687347 0.582942 0.046910 0.038208
7 0.686690 0.545503 0.048087 0.036220
29 0.640300 0.583916 0.049733 0.039844
27 0.641020 0.544458 0.046495 0.037002
27 0.639966 0.507225 0.045284 0.036186
33 0.640503 0.469171 0.048097 0.037021
32 0.640256 0.432528 0.048492 0.036626
7 0.639619 0.396691 0.050499 0.037050
9 0.591996 0.350413 0.035849 0.050485
5 0.592609 0.302145 0.036635 0.049293
20 0.557773 0.302770 0.035859 0.051286
29 0.559397 0.353814 0.036254 0.050890
22 0.525552 0.353626 0.038242 0.049713
3 0.488714 0.354276 0.038266 0.051715
19 0.455451 0.352479 0.035107 0.055280
7 0.420024 0.353912 0.039507 0.054934
27 0.367933 0.401005 0.050123 0.039048
32 0.369993 0.438627 0.046900 0.037407
33 0.370049 0.476073 0.049308 0.037837
30 0.369893 0.512520 0.050519 0.038652
30 0.368933 0.548777 0.048512 0.038227
26 0.368374 0.585029 0.044083 0.036171
29 0.419899 0.639269 0.033827 0.048859
30 0.455314 0.636835 0.035839 0.049684
27 0.488995 0.640029 0.035927 0.056892
29 0.523415 0.638207 0.035092 0.054079
19 0.557057 0.638198 0.035034 0.049274
8 0.593900 0.637949 0.035849 0.050485
22 0.420707 0.689122 0.037456 0.050905
20 0.456935 0.687679 0.034648 0.050470
