33 0.158095 0.073548 0.037981 0.056052
33 0.118345 0.065117 0.050827 0.045556
33 0.075497 0.074811 0.037258 0.058341
27 0.566107 0.334930 0.035669 0.054002
18 0.530074 0.334479 0.037642 0.059184
26 0.494285 0.334490 0.033312 0.053020
31 0.456672 0.336878 0.040430 0.058304
30 0.422262 0.335692 0.038091 0.058258
28 0.614575 0.466361 0.051813 0.043105
27 0.615849 0.506804 0.051729 0.038896
9 0.614739 0.544955 0.052711 0.041253
30 0.615316 0.585645 0.053123 0.038456
7 0.525028 0.644522 0.039934 0.056892
32 0.490678 0.646376 0.037512 0.052637
17 0.453949 0.646173 0.036146 0.054479
28 0.417000 0.646676 0.038063 0.056855
32 0.382127 0.645733 0.040355 0.054563
1 0.330846 0.549212 0.049905 0.041197
31 0.330049 0.509227 0.050850 0.041683
27 0.330631 0.468046 0.048942 0.039775
8 0.330536 0.428048 0.049382 0.038382
18 0.331357 0.387096 0.051823 0.043573
0 0.128139 0.964497 0.059349 0.068507
1 0.177224 0.964241 0.059293 0.069018
2 0.225640 0.963784 0.054177 0.069932
4 0.272863 0.962378 0.054232 0.072744
14 0.317758 0.962412 0.051389 0.072676
15 0.366623 0.961221 0.051904 0.075058
19 0.413851 0.960044 0.052885 0.077412
20 0.460626 0.960522 0.050959 0.076455
21 0.508785 0.959808 0.050959 0.077883
22 0.555288 0.959342 0.051371 0.078816
23 0.603938 0.959082 0.053251 0.079336
24 0.650923 0.957933 0.049070 0.081634
26 0.698628 0.957654 0.056543 0.082192
