3 0.16090030 0.95349702 0.05691964 0.08556548
4 0.20777530 0.95238095 0.05245536 0.08854167
6 0.25241815 0.95145089 0.05319940 0.08891369
6 0.29947917 0.95238095 0.04836310 0.08630952
16 0.34468006 0.95275298 0.04947917 0.08779762
17 0.38988095 0.95256696 0.04687500 0.08742560
17 0.43638393 0.95275298 0.04613095 0.08556548
19 0.48195685 0.95256696 0.04873512 0.09040179
21 0.52752976 0.95312500 0.04538690 0.08705357
23 0.57366071 0.95219494 0.04613095 0.08668155
24 0.62146577 0.95238095 0.04799107 0.08854167
24 0.66462054 0.95256696 0.04650298 0.08965774
26 0.71130952 0.95331101 0.05505952 0.08965774
17 0.40755208 0.74776786 0.03534226 0.05282738
9 0.40811012 0.69252232 0.03348214 0.05022321
9 0.40959821 0.64025298 0.03422619 0.05059524
33 0.44401042 0.64136905 0.03683036 0.05208333
32 0.47953869 0.64099702 0.03497024 0.05282738
27 0.51469494 0.64155506 0.03757440 0.05319940
1 0.55078125 0.64136905 0.03683036 0.05282738
13 0.58463542 0.64136905 0.03831845 0.05133929
26 0.44122024 0.69345238 0.03720238 0.05357143
7 0.47805060 0.69401042 0.03645833 0.05319940
16 0.51227679 0.69363839 0.03497024 0.05245536
28 0.54836310 0.69363839 0.03571429 0.05394345
20 0.58351935 0.69382440 0.03831845 0.05952381
16 0.63746280 0.58240327 0.04687500 0.03794643
31 0.68526786 0.58463542 0.04724702 0.04166667
22 0.73084077 0.58296131 0.04761905 0.03906250
25 0.68508185 0.54501488 0.04910714 0.03683036
15 0.68508185 0.50688244 0.04985119 0.03794643
22 0.68656994 0.46856399 0.04687500 0.03794643
27 0.68582589 0.42819940 0.04836310 0.04129464
0 0.68694196 0.38913690 0.04761905 0.04129464
6 0.63839286 0.39043899 0.04873512 0.03645833
10 0.63727679 0.42745536 0.04799107 0.03831845
17 0.63876488 0.46726190 0.04799107 0.03757440
10 0.63895089 0.50539435 0.04761905 0.03869048
29 0.63839286 0.54482887 0.04724702 0.03571429
0 0.59077381 0.33779762 0.03534226 0.04985119
8 0.55543155 0.33909970 0.03683036 0.05245536
28 0.52008929 0.33872768 0.03757440 0.05617560
30 0.48586310 0.33835565 0.03385417 0.05394345
7 0.45014881 0.33779762 0.03534226 0.05059524
27 0.41517857 0.33891369 0.03757440 0.05654762
15 0.40606399 0.28757440 0.03794643 0.05357143
20 0.44568452 0.28738839 0.04575893 0.03906250
2 0.48530506 0.28515625 0.03720238 0.05022321
2 0.52194940 0.28515625 0.03683036 0.05394345
8 0.55710565 0.28552827 0.03645833 0.05543155
15 0.59300595 0.28571429 0.03459821 0.05431548
22 0.59412202 0.23251488 0.03683036 0.04985119
25 0.55803571 0.23288690 0.03608631 0.05208333
8 0.36235119 0.38541667 0.04985119 0.04166667
9 0.36216518 0.42522321 0.04724702 0.04017857
0 0.36179315 0.46577381 0.04799107 0.04315476
29 0.36142113 0.50651042 0.04799107 0.03757440
30 0.36160714 0.54408482 0.04836310 0.03980655
30 0.35900298 0.58500744 0.04985119 0.03683036
32 0.31231399 0.58537946 0.04799107 0.03906250
15 0.31287202 0.54594494 0.04910714 0.04055060
23 0.31454613 0.50595238 0.04724702 0.03943452
14 0.31584821 0.46651786 0.04761905 0.03943452
5 0.31529018 0.42671131 0.04575893 0.04166667
31 0.31640625 0.38709077 0.04873512 0.03980655
29 0.26897321 0.38671875 0.04910714 0.04203869
21 0.26971726 0.43340774 0.03645833 0.05654762
