15 0.56982544 0.32709892 0.03241895 0.04987531
31 0.53553616 0.32844971 0.03366584 0.04883624
32 0.56837074 0.37728595 0.03408146 0.04758936
29 0.53501663 0.37624688 0.03221114 0.04883624
11 0.50135079 0.37624688 0.03345802 0.04800499
14 0.46789277 0.37635079 0.03262677 0.04779717
16 0.43474647 0.37697423 0.03491272 0.04613466
13 0.40118454 0.37593516 0.03304239 0.04655029
12 0.50176642 0.32678720 0.03304239 0.04675810
15 0.34517872 0.42258936 0.04405653 0.03553616
29 0.34549044 0.45978803 0.04551122 0.03512053
24 0.34247714 0.49553200 0.04405653 0.03761430
25 0.34278886 0.53189942 0.04509559 0.03595179
33 0.34112635 0.56930590 0.04592685 0.03512053
26 0.33987947 0.60504988 0.04675810 0.03428928
27 0.29987531 0.42310889 0.04571904 0.03615960
27 0.29935578 0.45864505 0.04467997 0.03657523
7 0.29894015 0.49449293 0.04592685 0.03470490
6 0.38580632 0.65471737 0.03553616 0.04758936
22 0.41729011 0.65502909 0.03449709 0.04862843
19 0.44991687 0.65513300 0.03408146 0.04675810
2 0.48410224 0.65513300 0.03345802 0.04800499
15 0.51745636 0.65450956 0.03366584 0.04592685
14 0.54935578 0.65627598 0.03387365 0.04779717
13 0.38289692 0.70105985 0.03262677 0.04551122
12 0.41583541 0.70178720 0.03325021 0.04488778
12 0.44815046 0.70178720 0.03304239 0.04488778
21 0.48223192 0.70313799 0.03470490 0.04592685
13 0.60193267 0.60588113 0.04384871 0.03491272
27 0.64546966 0.60608894 0.04571904 0.03740648
0 0.64744389 0.57034497 0.04551122 0.03532835
8 0.60307564 0.56961762 0.04738155 0.03512053
7 0.60453034 0.53460100 0.04488778 0.03657523
3 0.60640067 0.49916874 0.04530341 0.03595179
5 0.60920615 0.46269742 0.04634248 0.03699086
20 0.61180382 0.42560266 0.04488778 0.03387365
13 0.65108063 0.53460100 0.04405653 0.03574397
0 0.14066952 0.93447293 0.04985755 0.07514245
9 0.18500712 0.93233618 0.05092593 0.07799145
10 0.22667379 0.93376068 0.04665242 0.07656695
17 0.27118946 0.93215812 0.04807692 0.07763533
17 0.31428063 0.93215812 0.04522792 0.07763533
18 0.35897436 0.93180199 0.04558405 0.07977208
26 0.40242165 0.93304843 0.04487179 0.08084046
27 0.44497863 0.93162393 0.04522792 0.07941595
29 0.48717949 0.93108974 0.04487179 0.07905983
30 0.53258547 0.93091168 0.04665242 0.07727920
32 0.57496439 0.93144587 0.04807692 0.07977208
33 0.61894587 0.93037749 0.04558405 0.07977208
33 0.66221510 0.93019943 0.05163818 0.07870370
