1 0.15700333 0.94170823 0.06650042 0.09039900
2 0.20583957 0.94222776 0.05860349 0.08811305
11 0.25384456 0.94305902 0.05818786 0.08645054
12 0.29904406 0.94264339 0.05174564 0.08852868
14 0.34704904 0.94160432 0.05216126 0.08728180
15 0.39297589 0.94129260 0.05257689 0.08915212
19 0.44139651 0.94233167 0.05008313 0.08832086
20 0.48742727 0.94201995 0.04862843 0.08769742
22 0.53408146 0.94201995 0.04883624 0.08769742
24 0.57969659 0.94160432 0.04779717 0.08852868
26 0.62707814 0.94150042 0.04779717 0.08873649
29 0.67425187 0.94098088 0.04509559 0.08977556
30 0.72184123 0.94181214 0.04758936 0.08852868
15 0.40793849 0.64796342 0.03595179 0.05278470
26 0.44285121 0.64806733 0.03595179 0.05756442
7 0.47745220 0.64796342 0.03657523 0.05652535
9 0.51319618 0.64723608 0.03906899 0.05465503
15 0.54925187 0.64733998 0.03636741 0.05486284
10 0.35692020 0.59174979 0.04675810 0.04301746
31 0.35671239 0.55268080 0.04925187 0.03761430
8 0.35910224 0.51454697 0.04821280 0.03823774
19 0.35671239 0.47630923 0.04551122 0.03657523
31 0.35733583 0.43838321 0.04883624 0.03719867
33 0.35816708 0.40004156 0.04966750 0.03906899
23 0.41230258 0.35276392 0.03512053 0.05133001
27 0.44846218 0.35484206 0.03678304 0.05631754
26 0.48327099 0.35453034 0.03740648 0.05569410
31 0.51807980 0.35494597 0.03678304 0.05652535
10 0.55236908 0.35577722 0.03844555 0.05901912
32 0.58873649 0.35743973 0.03636741 0.05860349
33 0.63580632 0.43765586 0.04904406 0.04031588
31 0.63570241 0.47641313 0.04966750 0.03719867
9 0.63580632 0.51496259 0.04821280 0.03990025
28 0.63674148 0.55309643 0.04966750 0.03844555
32 0.63694929 0.59247714 0.04842062 0.04156276
