9 0.15569196 0.94438244 0.05915179 0.08519345
10 0.20424107 0.94401042 0.05133929 0.08444940
11 0.25055804 0.94549851 0.05171131 0.08296131
12 0.29761905 0.94345238 0.05059524 0.08333333
13 0.34468006 0.94382440 0.04799107 0.08482143
19 0.39341518 0.94308036 0.05022321 0.08407738
20 0.43750000 0.94345238 0.05133929 0.08556548
20 0.48363095 0.94438244 0.04836310 0.08668155
24 0.53162202 0.94382440 0.04761905 0.08705357
25 0.57961310 0.94308036 0.04985119 0.08705357
26 0.62593006 0.94382440 0.04873512 0.08630952
33 0.67354911 0.94270833 0.04650298 0.08779762
33 0.71986607 0.94215030 0.05133929 0.08965774
0 0.40922619 0.64229911 0.03869048 0.04910714
8 0.44494048 0.64136905 0.03497024 0.04873512
28 0.48046875 0.64081101 0.03683036 0.04985119
30 0.51618304 0.64155506 0.03683036 0.04985119
7 0.55226935 0.64267113 0.03683036 0.05133929
27 0.58705357 0.64025298 0.03571429 0.04799107
15 0.40811012 0.69308036 0.03794643 0.04947917
8 0.44531250 0.69252232 0.03794643 0.05357143
8 0.63969494 0.58872768 0.04575893 0.04166667
31 0.68675595 0.58872768 0.04836310 0.04017857
9 0.63839286 0.55040923 0.04613095 0.03683036
0 0.63895089 0.51376488 0.04650298 0.03869048
29 0.63746280 0.47544643 0.05022321 0.03720238
30 0.63876488 0.43805804 0.04761905 0.03831845
30 0.63950893 0.40122768 0.04687500 0.03831845
9 0.59058780 0.35193452 0.03683036 0.05022321
9 0.59188988 0.30040923 0.03794643 0.05208333
33 0.55710565 0.35137649 0.03534226 0.05133929
32 0.52064732 0.35137649 0.03757440 0.05059524
27 0.48679315 0.35100446 0.03459821 0.05357143
1 0.45182292 0.35286458 0.03534226 0.05282738
13 0.41629464 0.35081845 0.03720238 0.05096726
16 0.36179315 0.39806548 0.04427083 0.03608631
29 0.36123512 0.43508185 0.04613095 0.03869048
10 0.36179315 0.47228423 0.04873512 0.03943452
17 0.36086310 0.50892857 0.04910714 0.03757440
10 0.36086310 0.54613095 0.04613095 0.03683036
6 0.36104911 0.58575149 0.04799107 0.03869048
31 0.31287202 0.39806548 0.04464286 0.03906250
