1 0.15471814 0.92738971 0.05269608 0.07904412
1 0.20327819 0.92647059 0.05177696 0.08026961
2 0.24984681 0.92754289 0.05055147 0.08241422
3 0.29672181 0.92723652 0.05116422 0.08118873
5 0.34482230 0.92662377 0.04993873 0.08057598
7 0.39123775 0.92738971 0.04656863 0.07843137
11 0.43918505 0.92723652 0.05055147 0.08057598
12 0.48590686 0.92708333 0.04595588 0.08210784
14 0.53232230 0.92570466 0.04993873 0.08425245
16 0.58103554 0.92677696 0.04564951 0.08272059
22 0.62867647 0.92601103 0.04840686 0.08609069
27 0.67539828 0.92616422 0.04748775 0.08394608
27 0.72196691 0.92616422 0.04932598 0.08272059
24 0.78507966 0.92693015 0.04871324 0.08241422
26 0.40962010 0.63756127 0.03308824 0.04534314
17 0.44454657 0.63725490 0.03553922 0.04534314
29 0.47993260 0.63771446 0.03400735 0.04687500
18 0.51623775 0.63924632 0.03431373 0.04932598
19 0.55131740 0.63863358 0.03707108 0.04748775
19 0.58609069 0.63725490 0.03737745 0.04901961
3 0.40931373 0.68688725 0.03431373 0.04656863
3 0.44362745 0.68673407 0.03799020 0.04932598
17 0.63878676 0.58563113 0.04687500 0.03553922
11 0.68474265 0.58670343 0.04503676 0.03768382
28 0.63848039 0.55101103 0.04626225 0.03615196
3 0.63832721 0.51409314 0.04656863 0.03645833
4 0.63832721 0.47748162 0.04779412 0.03737745
18 0.63970588 0.44178922 0.04687500 0.03523284
13 0.63939951 0.40027574 0.03707108 0.04901961
24 0.68535539 0.55101103 0.04687500 0.03615196
18 0.59129902 0.35891544 0.03615196 0.04932598
0 0.55652574 0.35784314 0.03400735 0.04840686
8 0.52159926 0.35799632 0.03462010 0.04810049
7 0.48606005 0.35784314 0.03707108 0.05024510
8 0.45174632 0.35906863 0.03462010 0.04963235
28 0.41681985 0.35937500 0.03890931 0.05085784
2 0.59083946 0.31004902 0.03523284 0.04901961
2 0.55514706 0.30867034 0.03676471 0.04810049
7 0.36029412 0.58517157 0.04901961 0.03615196
4 0.36060049 0.54840686 0.04779412 0.03615196
20 0.36029412 0.51194853 0.04656863 0.03553922
25 0.36106005 0.47625613 0.04442402 0.03584559
28 0.36121324 0.44087010 0.04656863 0.03676471
32 0.36060049 0.40502451 0.04718137 0.03737745
32 0.31479779 0.40364583 0.04564951 0.03829657
2 0.31326593 0.43979779 0.04626225 0.03768382
