4 0.10305556 0.07472222 0.03388889 0.05027778
2 0.13791667 0.07708333 0.03583333 0.05666667
3 0.17833333 0.07097222 0.04833333 0.04444444
18 0.41138889 0.34208333 0.03611111 0.05555556
33 0.44527778 0.34263889 0.03722222 0.05888889
32 0.48069444 0.34166667 0.03916667 0.05583333
27 0.51583333 0.34208333 0.03666667 0.05722222
2 0.55069444 0.34236111 0.03750000 0.05888889
30 0.58722222 0.34194444 0.03611111 0.06027778
19 0.58666667 0.28694444 0.03722222 0.04972222
8 0.55138889 0.28611111 0.03666667 0.04805556
28 0.63652778 0.39097222 0.04694444 0.04055556
33 0.63805556 0.42944444 0.04722222 0.04027778
32 0.63694444 0.46847222 0.04777778 0.03833333
18 0.63638889 0.50791667 0.04611111 0.03944444
28 0.63736111 0.54763889 0.04861111 0.04000000
33 0.68430556 0.54750000 0.04750000 0.04027778
0 0.68569444 0.58805556 0.04583333 0.04194444
18 0.63763889 0.58652778 0.04916667 0.03833333
1 0.58569444 0.64319444 0.03527778 0.05500000
12 0.54930556 0.64083333 0.03638889 0.05083333
19 0.51416667 0.64375000 0.03833333 0.05277778
27 0.47833333 0.64361111 0.03500000 0.05083333
9 0.44291667 0.64263889 0.03527778 0.05277778
30 0.40819444 0.64347222 0.03638889 0.05277778
31 0.40833333 0.69833333 0.03722222 0.05583333
4 0.44305556 0.69791667 0.03611111 0.05555556
0 0.47888889 0.69680556 0.03444444 0.05388889
25 0.51500000 0.69750000 0.03388889 0.05805556
33 0.35819444 0.38819444 0.04861111 0.04055556
28 0.35819444 0.42680556 0.04861111 0.03944444
25 0.35763889 0.46611111 0.04972222 0.04027778
29 0.35833333 0.50597222 0.04944444 0.04222222
30 0.35902778 0.54430556 0.05027778 0.04000000
7 0.35791667 0.58375000 0.04972222 0.03777778
9 0.30944444 0.38763889 0.04555556 0.04000000
5 0.30888889 0.42611111 0.04611111 0.03805556
18 0.31013889 0.46715278 0.04694444 0.03819444
24 0.72438272 0.92206790 0.04783951 0.09166667
23 0.67268519 0.95262346 0.04691358 0.08364198
22 0.62530864 0.95324074 0.04537037 0.08796296
22 0.57962963 0.95185185 0.04598765 0.08518519
21 0.53287037 0.95293210 0.04753086 0.08549383
16 0.48719136 0.95277778 0.04629630 0.08641975
16 0.44135802 0.95231481 0.04907407 0.08796296
15 0.39521605 0.95432099 0.04938272 0.08641975
14 0.34938272 0.95447531 0.05277778 0.08549383
13 0.30216049 0.95385802 0.05401235 0.08611111
6 0.25879630 0.95447531 0.04691358 0.08672840
5 0.20941358 0.95416667 0.04197531 0.08364198
4 0.16512346 0.95478395 0.05833333 0.08364198
24 0.07422840 0.81759259 0.03580247 0.04938272
25 0.07870370 0.86311728 0.04783951 0.03734568
26 0.07993827 0.90108025 0.04969136 0.04043210
