28 0.40856950 0.64102564 0.03576248 0.04520918
2 0.15570175 0.92898111 0.05634278 0.07860999
4 0.20546559 0.92712551 0.05263158 0.08299595
7 0.25151822 0.92847503 0.05094467 0.07962213
13 0.29824561 0.92813765 0.05060729 0.08232119
17 0.34564777 0.92847503 0.05094467 0.08029690
19 0.39304993 0.92780027 0.05263158 0.08232119
22 0.43960864 0.92881242 0.04993252 0.08299595
24 0.48599865 0.92864372 0.05026991 0.08400810
25 0.53188259 0.92780027 0.05026991 0.08299595
26 0.57928475 0.92830634 0.05195682 0.08130904
30 0.62803644 0.92813765 0.04757085 0.08097166
31 0.67661943 0.92678812 0.04824561 0.08029690
33 0.72132254 0.92628205 0.05060729 0.08265857
