19 0.78131238 0.94361277 0.04890220 0.08183633
3 0.16803892 0.94336327 0.05988024 0.08333333
4 0.21818862 0.94436128 0.05139721 0.08233533
6 0.26384731 0.94436128 0.04990020 0.08133733
6 0.30950599 0.94585828 0.05039920 0.08233533
7 0.35591317 0.94436128 0.04940120 0.08033932
16 0.40132236 0.94436128 0.04540918 0.08033932
17 0.44573353 0.94510978 0.04940120 0.08183633
17 0.49263972 0.94486028 0.04840319 0.08433134
17 0.53954591 0.94386228 0.04840319 0.08532934
20 0.58620259 0.94311377 0.04990020 0.08283433
21 0.63161178 0.94286427 0.04690619 0.08333333
24 0.67926647 0.94386228 0.04740519 0.08333333
26 0.72392715 0.94261477 0.04890220 0.08483034
9 0.41084559 0.64981618 0.03737745 0.04840686
33 0.44577206 0.65088848 0.03921569 0.05116422
32 0.48115809 0.65042892 0.03523284 0.05147059
27 0.51715686 0.64996936 0.03615196 0.04993873
1 0.55147059 0.64905025 0.03615196 0.04993873
13 0.58639706 0.65012255 0.03615196 0.05147059
9 0.41099877 0.69975490 0.03707108 0.05147059
16 0.63802083 0.59436275 0.04779412 0.03768382
31 0.68688725 0.59666054 0.04871324 0.03921569
29 0.63786765 0.55683211 0.04810049 0.03676471
10 0.63740809 0.51914828 0.04901961 0.03799020
17 0.63771446 0.48085172 0.04871324 0.03707108
10 0.63863358 0.44224877 0.04687500 0.03707108
6 0.63648897 0.40456495 0.04748775 0.03523284
0 0.58777574 0.35692402 0.03737745 0.05055147
8 0.55055147 0.35830270 0.03584559 0.05208333
28 0.51485907 0.35814951 0.03737745 0.05116422
30 0.47840074 0.35799632 0.03676471 0.05024510
7 0.44301471 0.35753676 0.03645833 0.05177696
27 0.40686275 0.35707721 0.03890931 0.05208333
8 0.55223652 0.30652574 0.03553922 0.04963235
15 0.58777574 0.30698529 0.03676471 0.04810049
30 0.36014093 0.59267770 0.04534314 0.03553922
30 0.35983456 0.55530025 0.04595588 0.03676471
29 0.35983456 0.51731005 0.04595588 0.03737745
0 0.35891544 0.47840074 0.04595588 0.03676471
9 0.35860907 0.44163603 0.04534314 0.03553922
8 0.35753676 0.40379902 0.04810049 0.03768382
31 0.31096814 0.40441176 0.04564951 0.03890931
5 0.31158088 0.44255515 0.04687500 0.03615196
