33 0.77589290 0.94864429 0.05075911 0.09372938
2 0.15417522 0.94994867 0.05441478 0.09257358
5 0.20080424 0.95037645 0.05013689 0.09240246
5 0.24828884 0.95080424 0.05201916 0.09291581
7 0.29414784 0.95183094 0.04791239 0.09223135
8 0.34103354 0.95097536 0.04705681 0.09154689
18 0.38860370 0.95054757 0.04739904 0.09342916
19 0.43506160 0.95071869 0.04722793 0.09411362
19 0.48040726 0.95003422 0.04757016 0.09377139
24 0.52772074 0.95046201 0.04774127 0.09496920
24 0.57289528 0.95011978 0.04568789 0.09496920
26 0.62063655 0.94986311 0.04842574 0.09479808
27 0.66854894 0.94986311 0.04620123 0.09514031
32 0.71646133 0.94866530 0.05236140 0.09445585
