33 0.20517113 0.07831101 0.03571429 0.05357143
33 0.16685268 0.06938244 0.04836310 0.04315476
33 0.12518601 0.07793899 0.03497024 0.05580357
27 0.59510870 0.33922101 0.03351449 0.05163043
18 0.56023551 0.33808877 0.03532609 0.05661232
26 0.52558877 0.33740942 0.03125000 0.05072464
31 0.48913043 0.33899457 0.03804348 0.05570652
30 0.45584239 0.33718297 0.03577899 0.05570652
28 0.63949275 0.46739130 0.04936594 0.04076087
27 0.63994565 0.50656703 0.04936594 0.03668478
9 0.63813406 0.54347826 0.05027174 0.03894928
30 0.63790761 0.58288043 0.05072464 0.03623188
7 0.54936594 0.63813406 0.03759058 0.05434783
32 0.51607790 0.63926630 0.03532609 0.05027174
17 0.48052536 0.63836051 0.03396739 0.05208333
28 0.44474638 0.63813406 0.03577899 0.05434783
32 0.41100543 0.63654891 0.03804348 0.05208333
1 0.36322464 0.54211957 0.04755435 0.03894928
31 0.36322464 0.50339674 0.04846014 0.03940217
27 0.36458333 0.46354167 0.04664855 0.03759058
8 0.36526268 0.42481884 0.04710145 0.03623188
18 0.36684783 0.38519022 0.04936594 0.04121377
0 0.15874094 0.95199275 0.05570652 0.08876812
1 0.20629529 0.95108696 0.05570652 0.08605072
2 0.25317029 0.95176630 0.05072464 0.08740942
4 0.29891304 0.95131341 0.05072464 0.09012681
14 0.34239130 0.95131341 0.04800725 0.08831522
15 0.38971920 0.95108696 0.04846014 0.09057971
19 0.43546196 0.95086051 0.04936594 0.09284420
20 0.48075181 0.95131341 0.04755435 0.09012681
21 0.52740036 0.95086051 0.04755435 0.09012681
22 0.57246377 0.94950181 0.04800725 0.08740942
23 0.61956522 0.95018116 0.04981884 0.08786232
24 0.66508152 0.94950181 0.04574275 0.08922101
26 0.71127717 0.94972826 0.05298913 0.08876812
