8 0.391432 0.344327 0.037709 0.068235
19 0.425838 0.347655 0.039965 0.069072
29 0.461017 0.350273 0.039319 0.071265
27 0.496678 0.350311 0.039445 0.074231
30 0.533277 0.354475 0.037125 0.071912
29 0.564441 0.355436 0.034191 0.072526
30 0.608862 0.428659 0.053561 0.040783
30 0.608421 0.465046 0.052693 0.037785
33 0.605772 0.500967 0.054886 0.037138
32 0.605315 0.537725 0.052630 0.036301
27 0.601994 0.580675 0.054620 0.048231
7 0.549748 0.629707 0.039807 0.065364
19 0.513456 0.627042 0.039902 0.067589
3 0.479696 0.625970 0.042158 0.068425
22 0.444099 0.624449 0.040675 0.068362
29 0.408454 0.624040 0.040517 0.064654
9 0.374231 0.622113 0.037403 0.065076
7 0.327499 0.568187 0.048895 0.051516
32 0.329005 0.524930 0.048606 0.039432
33 0.330437 0.488757 0.049718 0.038796
0 0.332230 0.452142 0.052981 0.040530
27 0.333791 0.415632 0.052903 0.038705
29 0.335982 0.380406 0.050175 0.038816
1 0.107629 0.887983 0.067745 0.092866
1 0.157508 0.889658 0.065216 0.092302
5 0.204316 0.890972 0.063429 0.093137
6 0.251879 0.893348 0.060453 0.092782
6 0.296158 0.895012 0.060453 0.092782
14 0.345808 0.896676 0.057962 0.093131
14 0.390067 0.898797 0.057962 0.093131
17 0.438548 0.901097 0.054957 0.092091
17 0.485992 0.903582 0.054957 0.092091
20 0.534606 0.905431 0.052180 0.091061
25 0.582397 0.907816 0.055612 0.091436
26 0.629251 0.910733 0.054491 0.091844
26 0.676972 0.912087 0.058637 0.092932
31 0.096677 0.090478 0.044466 0.070460
17 0.438548 0.901097 0.054957 0.092091
31 0.130444 0.092036 0.044534 0.072057
31 0.169674 0.088797 0.055505 0.062276
