8 0.41387649 0.36774554 0.03497024 0.06696429
19 0.44847470 0.36960565 0.03720238 0.06770833
29 0.48381696 0.37072173 0.03645833 0.06994048
27 0.51953125 0.36923363 0.03645833 0.07291667
30 0.55636161 0.37183780 0.03422619 0.07068452
29 0.58761161 0.37146577 0.03125000 0.07142857
30 0.63523065 0.44289435 0.05208333 0.03869048
30 0.63634673 0.47935268 0.05133929 0.03571429
33 0.63523065 0.51543899 0.05357143 0.03497024
32 0.63634673 0.55226935 0.05133929 0.03422619
27 0.63485863 0.59542411 0.05282738 0.04613095
7 0.58463542 0.64676339 0.03720238 0.06398810
19 0.54817708 0.64564732 0.03720238 0.06622024
3 0.51432292 0.64601935 0.03943452 0.06696429
22 0.47860863 0.64601935 0.03794643 0.06696429
29 0.44289435 0.64713542 0.03794643 0.06324405
9 0.40853938 0.64667039 0.03479853 0.06380208
7 0.35943223 0.59466575 0.04693223 0.04967949
32 0.35908883 0.55128205 0.04716117 0.03754579
33 0.35897436 0.51499542 0.04830586 0.03685897
0 0.35920330 0.47825092 0.05151099 0.03846154
27 0.35920330 0.44162088 0.05151099 0.03663004
29 0.35989011 0.40625000 0.04876374 0.03685897
1 0.15293040 0.92433608 0.06410256 0.09043040
1 0.20295330 0.92387821 0.06158425 0.08997253
5 0.24988553 0.92319139 0.05975275 0.09088828
6 0.29761905 0.92353480 0.05677656 0.09065934
6 0.34203297 0.92330586 0.05677656 0.09065934
14 0.39182692 0.92284799 0.05425824 0.09111722
14 0.43624084 0.92307692 0.05425824 0.09111722
17 0.48489011 0.92330586 0.05128205 0.09020147
17 0.53250916 0.92376374 0.05128205 0.09020147
20 0.58127289 0.92353480 0.04853480 0.08928571
25 0.62923535 0.92387821 0.05196886 0.08951465
26 0.67628205 0.92479396 0.05082418 0.08997253
26 0.72413004 0.92410714 0.05494505 0.09088828
31 0.10782967 0.12614469 0.04166667 0.06891026
17 0.48489011 0.92330586 0.05128205 0.09020147
31 0.14171245 0.12625916 0.04166667 0.07051282
31 0.18086081 0.12133700 0.05311355 0.06021062
