18 0.413510 0.389520 0.035859 0.047980
26 0.447854 0.388636 0.034848 0.046212
29 0.483207 0.389520 0.035859 0.050000
27 0.518182 0.388258 0.037121 0.047980
15 0.552778 0.387500 0.036111 0.045960
31 0.588510 0.388636 0.036364 0.044697
9 0.637247 0.431944 0.047475 0.032828
17 0.635859 0.464520 0.046717 0.034848
32 0.635330 0.499132 0.045660 0.034375
32 0.635077 0.531345 0.046165 0.033144
29 0.635101 0.565404 0.046717 0.033586
26 0.635101 0.601389 0.048737 0.035354
11 0.681692 0.600253 0.046970 0.034596
24 0.583965 0.645328 0.034343 0.042677
23 0.547601 0.645707 0.034343 0.044444
30 0.512374 0.645707 0.036111 0.042424
0 0.478030 0.646212 0.034596 0.043434
32 0.442424 0.647096 0.034091 0.043687
20 0.407702 0.645328 0.034343 0.042677
15 0.359470 0.598485 0.043939 0.033333
33 0.358081 0.565783 0.046717 0.034596
3 0.357955 0.531566 0.044949 0.033838
33 0.358460 0.498106 0.045455 0.032576
16 0.358460 0.463005 0.045455 0.034596
28 0.358460 0.429167 0.046465 0.033586
1 0.160354 0.917172 0.052020 0.071717
2 0.207071 0.917298 0.052525 0.072475
28 0.253409 0.916919 0.050758 0.074242
31 0.299242 0.917803 0.047475 0.072475
14 0.344823 0.918056 0.048737 0.072475
16 0.391667 0.917677 0.047980 0.073232
17 0.438005 0.917172 0.047222 0.072222
18 0.484470 0.917298 0.047727 0.072980
18 0.530934 0.916793 0.046212 0.073485
19 0.577778 0.916288 0.045960 0.072475
22 0.622475 0.916540 0.047980 0.071970
23 0.670455 0.917551 0.047980 0.073990
33 0.718182 0.916919 0.048485 0.075758
