27 0.139773 0.045412 0.123737 0.090825
15 0.255093 0.042466 0.120370 0.084933
31 0.374200 0.043308 0.121212 0.086616
9 0.536658 0.156481 0.158249 0.109428
17 0.532029 0.265067 0.155724 0.116162
32 0.530266 0.380440 0.152199 0.114583
32 0.529424 0.487816 0.153883 0.110480
29 0.529503 0.601347 0.155724 0.111953
26 0.529503 0.721296 0.162458 0.117845
11 0.684806 0.717508 0.156566 0.115320
24 0.359049 0.867761 0.114478 0.142256
23 0.237837 0.869024 0.114478 0.148148
30 0.120412 0.869024 0.120370 0.141414
0 0.031797 0.870707 0.063594 0.144781
