15 0.609493 0.292092 0.035780 0.052696
31 0.574375 0.291653 0.036999 0.051700
32 0.605344 0.343309 0.037358 0.050448
29 0.571308 0.340478 0.035513 0.051623
11 0.536899 0.338692 0.036743 0.050839
14 0.502698 0.337023 0.035882 0.050583
16 0.468787 0.335902 0.038131 0.049005
13 0.434539 0.333060 0.036241 0.049330
12 0.539948 0.288163 0.036252 0.049543
15 0.374822 0.377773 0.046914 0.038657
29 0.373168 0.415809 0.048379 0.038310
24 0.368192 0.452182 0.047024 0.040781
25 0.366581 0.489369 0.047998 0.039137
33 0.362898 0.527513 0.048803 0.038332
26 0.359727 0.563980 0.049609 0.037526
27 0.328491 0.375901 0.048646 0.039383
27 0.326075 0.412194 0.047606 0.039753
7 0.323749 0.448811 0.048781 0.037907
6 0.404033 0.617180 0.038845 0.050525
22 0.436195 0.619168 0.037838 0.051532
19 0.469537 0.621005 0.037314 0.049598
2 0.504477 0.622819 0.036743 0.050839
15 0.538600 0.623951 0.036845 0.048726
14 0.571110 0.627448 0.037157 0.050649
13 0.398601 0.664391 0.035761 0.048246
12 0.432228 0.666881 0.036365 0.047642
12 0.465257 0.668595 0.036153 0.047631
21 0.500019 0.671784 0.037907 0.048781
13 0.627520 0.578730 0.046668 0.038009
27 0.672007 0.581252 0.048712 0.040657
0 0.675921 0.544824 0.048390 0.038522
8 0.630612 0.541727 0.050290 0.038409
7 0.633956 0.506014 0.047819 0.039764
3 0.637748 0.469899 0.048210 0.039148
5 0.642550 0.432772 0.049327 0.040266
20 0.647172 0.394996 0.047675 0.037002
13 0.681534 0.508484 0.046925 0.038870
0 0.138646 0.890106 0.054944 0.079446
9 0.184076 0.890274 0.056187 0.082414
10 0.226587 0.893941 0.051744 0.080732
17 0.272170 0.894664 0.053256 0.081899
17 0.316212 0.896950 0.050344 0.081748
18 0.361911 0.898957 0.050822 0.083951
26 0.406251 0.902535 0.050150 0.085005
27 0.449823 0.903337 0.050439 0.083568
29 0.492984 0.905029 0.050056 0.083185
30 0.539401 0.907256 0.051781 0.081460
32 0.582687 0.910050 0.053370 0.084083
33 0.627696 0.911291 0.050822 0.083951
33 0.671930 0.913404 0.056953 0.083180
