15 0.583699 0.321650 0.032374 0.048899
31 0.550509 0.322255 0.033558 0.047920
32 0.581266 0.370158 0.033935 0.046723
29 0.549029 0.368471 0.032151 0.047890
11 0.516469 0.367783 0.033340 0.047112
14 0.484109 0.367199 0.032532 0.046894
16 0.452039 0.367124 0.034709 0.045333
13 0.419601 0.365433 0.032909 0.045696
12 0.517883 0.319957 0.032913 0.045897
15 0.364481 0.409409 0.043336 0.035269
29 0.364022 0.445392 0.044734 0.034897
24 0.360377 0.479900 0.043378 0.037279
25 0.359935 0.515078 0.044349 0.035693
33 0.357562 0.551222 0.045136 0.034906
26 0.355625 0.585766 0.045923 0.034119
27 0.320656 0.408985 0.044956 0.035906
27 0.319427 0.443343 0.043960 0.036287
7 0.318292 0.478004 0.045127 0.034504
6 0.399027 0.634740 0.035342 0.046752
22 0.429470 0.635686 0.034358 0.047736
19 0.461023 0.636453 0.033918 0.045919
2 0.494085 0.637152 0.033340 0.047112
15 0.526356 0.637231 0.033499 0.045106
14 0.557171 0.639592 0.033738 0.046919
13 0.395266 0.679501 0.032485 0.044683
12 0.427107 0.680878 0.033076 0.044093
12 0.458360 0.681538 0.032875 0.044089
21 0.491294 0.683542 0.034504 0.045127
13 0.609051 0.591928 0.043122 0.034662
27 0.651153 0.593020 0.044982 0.037112
0 0.653793 0.558490 0.044738 0.035098
8 0.610898 0.556880 0.046543 0.034935
7 0.613021 0.523043 0.044161 0.036291
3 0.615554 0.488814 0.044550 0.035697
5 0.619013 0.453598 0.045576 0.036723
20 0.622284 0.417775 0.044106 0.033678
13 0.658041 0.523995 0.043340 0.035470
0 0.156225 0.900291 0.049756 0.073693
9 0.199149 0.899131 0.050847 0.076470
10 0.239417 0.901361 0.046685 0.075005
17 0.282503 0.900721 0.048085 0.076067
17 0.324179 0.901602 0.045329 0.076009
18 0.367411 0.902172 0.045717 0.078083
26 0.409405 0.904266 0.045050 0.079102
27 0.450593 0.903758 0.045366 0.077731
29 0.491418 0.904105 0.045014 0.077380
30 0.535336 0.904861 0.046700 0.075694
32 0.576311 0.906244 0.048128 0.078134
33 0.618869 0.906110 0.045717 0.078083
33 0.660721 0.906823 0.051551 0.077174
