9 0.155692 0.944382 0.059152 0.085193
10 0.204241 0.944010 0.051339 0.084449
11 0.250558 0.945499 0.051711 0.082961
12 0.297619 0.943452 0.050595 0.083333
13 0.344680 0.943824 0.047991 0.084821
19 0.393415 0.943080 0.050223 0.084077
20 0.437500 0.943452 0.051339 0.085565
20 0.483631 0.944382 0.048363 0.086682
24 0.531622 0.943824 0.047619 0.087054
25 0.579613 0.943080 0.049851 0.087054
4 0.625930 0.943824 0.048735 0.086310
33 0.673549 0.942708 0.046503 0.087798
33 0.719866 0.942150 0.051339 0.089658
0 0.409226 0.642299 0.038690 0.049107
8 0.444940 0.641369 0.034970 0.048735
28 0.480469 0.640811 0.036830 0.049851
30 0.516183 0.641555 0.036830 0.049851
7 0.552269 0.642671 0.036830 0.051339
27 0.587054 0.640253 0.035714 0.047991
15 0.408110 0.693080 0.037946 0.049479
8 0.445312 0.692522 0.037946 0.053571
8 0.639695 0.588728 0.045759 0.041667
2 0.686756 0.588728 0.048363 0.040179
9 0.638393 0.550409 0.046131 0.036830
0 0.638951 0.513765 0.046503 0.038690
29 0.637463 0.475446 0.050223 0.037202
30 0.638765 0.438058 0.047619 0.038318
30 0.639509 0.401228 0.046875 0.038318
9 0.590588 0.351935 0.036830 0.050223
9 0.591890 0.300409 0.037946 0.052083
33 0.557106 0.351376 0.035342 0.051339
32 0.520647 0.351376 0.037574 0.050595
27 0.486793 0.351004 0.034598 0.053571
1 0.451823 0.352865 0.035342 0.052827
2 0.416295 0.350818 0.037202 0.050967
16 0.361793 0.398065 0.044271 0.036086
29 0.361235 0.435082 0.046131 0.038690
10 0.361793 0.472284 0.048735 0.039435
17 0.360863 0.508929 0.049107 0.037574
15 0.360863 0.546131 0.046131 0.036830
6 0.361049 0.585751 0.047991 0.038690
31 0.312872 0.398065 0.044643 0.039062
