9 0.175843 0.953729 0.060278 0.084851
10 0.223166 0.954867 0.052641 0.083884
11 0.268257 0.957638 0.052958 0.082225
12 0.314183 0.957209 0.051881 0.082774
13 0.360033 0.957852 0.049390 0.081796
19 0.407549 0.958406 0.051542 0.080687
20 0.450500 0.958898 0.052676 0.079705
20 0.495426 0.959815 0.049810 0.077871
24 0.542212 0.960200 0.049096 0.077101
25 0.589003 0.960561 0.051271 0.076377
26 0.634117 0.961829 0.050161 0.073841
33 0.680558 0.961676 0.048031 0.074148
33 0.725712 0.961629 0.052802 0.074241
0 0.432253 0.667177 0.039222 0.049052
8 0.467086 0.667374 0.035585 0.048574
28 0.501726 0.667929 0.037433 0.049719
30 0.536508 0.669757 0.037433 0.049719
7 0.571640 0.671960 0.037479 0.051169
27 0.605613 0.670679 0.036287 0.047872
15 0.429596 0.716630 0.038509 0.049391
8 0.465868 0.717236 0.038635 0.053379
8 0.658505 0.622093 0.045881 0.042019
31 0.704367 0.623547 0.048373 0.040649
9 0.658421 0.584710 0.046094 0.037318
0 0.660097 0.549017 0.046514 0.039142
29 0.659831 0.511629 0.050093 0.037807
30 0.662255 0.475233 0.047590 0.038814
30 0.664118 0.439364 0.046865 0.038791
9 0.617967 0.389815 0.037444 0.050082
9 0.620828 0.339643 0.038589 0.051929
33 0.585355 0.388237 0.036028 0.051123
32 0.549826 0.387110 0.038181 0.050467
27 0.516846 0.385701 0.035372 0.053276
1 0.482709 0.386433 0.036074 0.052574
13 0.448149 0.383341 0.037830 0.050818
16 0.393576 0.427700 0.044258 0.036535
29 0.391888 0.463756 0.046151 0.039130
10 0.391282 0.500028 0.048712 0.039936
17 0.389244 0.535710 0.049017 0.038135
10 0.388094 0.571965 0.046094 0.037318
6 0.387051 0.610581 0.047964 0.039188
31 0.345901 0.426188 0.044713 0.039447
