26 0.671908 0.754035 0.101810 0.139517
17 0.779374 0.753092 0.109351 0.139517
29 0.888254 0.754506 0.104638 0.144231
3 0.670965 0.905807 0.105581 0.143288
3 0.776546 0.905336 0.116893 0.151772
7 0.520136 0.592836 0.150830 0.111237
4 0.521078 0.479713 0.147059 0.111237
20 0.520136 0.367534 0.143288 0.109351
25 0.522492 0.257711 0.136689 0.110294
28 0.522964 0.148831 0.143288 0.113122
32 0.521078 0.048020 0.145173 0.096041
32 0.380147 0.046606 0.140460 0.093213
2 0.375434 0.145532 0.142345 0.115950
