1 0.252214 0.906359 0.106828 0.145219
2 0.330666 0.907193 0.094142 0.141547
11 0.407782 0.908529 0.093474 0.138876
12 0.480392 0.907861 0.083126 0.142215
14 0.557508 0.906192 0.083793 0.140212
15 0.631287 0.905691 0.084461 0.143216
19 0.709071 0.907360 0.080455 0.141881
20 0.783016 0.906859 0.078118 0.140879
22 0.857962 0.906859 0.078452 0.140879
24 0.931240 0.906192 0.076783 0.142215
15 0.655323 0.434479 0.057754 0.084795
26 0.711408 0.434646 0.057754 0.092473
7 0.766991 0.434479 0.058755 0.090804
9 0.824412 0.433311 0.062761 0.087799
15 0.882332 0.433478 0.058422 0.088133
10 0.573366 0.344176 0.075113 0.069104
31 0.573032 0.281415 0.079119 0.060425
8 0.576871 0.220156 0.077450 0.061426
19 0.573032 0.158730 0.073110 0.058755
31 0.574033 0.097804 0.078452 0.059757
33 0.575369 0.036211 0.079787 0.062761
