31 0.058779 0.652190 0.045662 0.034189
31 0.055169 0.692992 0.036507 0.044703
31 0.060400 0.733302 0.048023 0.035566
32 0.062221 0.769666 0.047677 0.034892
32 0.057774 0.810316 0.036191 0.045698
32 0.062518 0.851469 0.048714 0.036913
5 0.138195 0.900534 0.054809 0.079068
5 0.187425 0.899317 0.053844 0.081053
5 0.232662 0.898840 0.056192 0.081763
21 0.279574 0.898667 0.049171 0.080969
23 0.326295 0.897162 0.054517 0.081399
24 0.374837 0.894789 0.049564 0.084313
24 0.420100 0.895814 0.047853 0.081947
24 0.466312 0.893817 0.048169 0.080951
26 0.512878 0.892982 0.048551 0.083628
26 0.558940 0.891989 0.053874 0.082722
29 0.383600 0.610638 0.035238 0.048351
28 0.416623 0.608710 0.035881 0.047027
1 0.453336 0.607718 0.035202 0.046348
11 0.487518 0.606770 0.034326 0.050333
4 0.521290 0.606769 0.036000 0.047510
17 0.557472 0.605812 0.035570 0.046474
3 0.384290 0.657353 0.034142 0.047065
10 0.419242 0.656624 0.035776 0.046478
17 0.453680 0.655904 0.034744 0.046254
14 0.487909 0.654982 0.036202 0.047308
10 0.523065 0.654146 0.036195 0.046897
9 0.607346 0.554012 0.044804 0.034102
9 0.606216 0.519685 0.045479 0.037402
12 0.606392 0.483585 0.047099 0.035993
0 0.654247 0.554406 0.046045 0.034535
0 0.653109 0.519564 0.045858 0.035559
18 0.653304 0.484595 0.046254 0.034744
24 0.605238 0.447921 0.046886 0.035578
25 0.604189 0.412357 0.047297 0.035585
6 0.604176 0.377186 0.048097 0.034366
23 0.555204 0.330141 0.034142 0.047065
13 0.519308 0.329859 0.035959 0.045248
4 0.484253 0.330591 0.034950 0.046258
14 0.449501 0.331008 0.037425 0.046713
28 0.414154 0.332670 0.035376 0.047087
11 0.380027 0.333487 0.036639 0.048754
17 0.553409 0.281634 0.035993 0.047099
29 0.329210 0.378619 0.046489 0.036393
8 0.328928 0.414515 0.046265 0.035361
10 0.329561 0.449777 0.046687 0.035985
2 0.331125 0.485434 0.047778 0.039499
14 0.331556 0.520906 0.047319 0.036819
17 0.333005 0.555845 0.047312 0.036408
7 0.283038 0.378727 0.048332 0.036015
12 0.282980 0.415647 0.046478 0.035776
28 0.283922 0.451007 0.046265 0.035361
27 0.794206 0.876835 0.035108 0.045451
27 0.834440 0.879575 0.044795 0.032088
27 0.873459 0.873307 0.036612 0.045478
