27 0.19950739 0.11288998 0.03530378 0.04638752
27 0.15968801 0.10693760 0.04351396 0.03530378
27 0.12027915 0.11206897 0.03612479 0.04802956
14 0.49004121 0.30700549 0.03548535 0.04899267
17 0.52483974 0.30574634 0.03456960 0.04784799
10 0.55952381 0.30689103 0.03571429 0.04784799
3 0.59478022 0.30689103 0.03342491 0.04876374
29 0.59363553 0.35267857 0.03434066 0.04418498
28 0.55860806 0.35496795 0.03525641 0.04601648
1 0.52323718 0.35485348 0.03456960 0.04853480
11 0.48878205 0.35531136 0.03434066 0.04624542
4 0.45489927 0.35588370 0.03434066 0.04922161
17 0.41952839 0.35313645 0.03456960 0.04510073
29 0.63736264 0.58298993 0.04739011 0.03617216
7 0.68601190 0.58161630 0.04624542 0.03525641
12 0.68509615 0.54532967 0.04761905 0.03594322
8 0.63759158 0.54658883 0.04510073 0.03434066
10 0.63747711 0.50995879 0.04670330 0.03571429
2 0.63907967 0.47367216 0.04761905 0.03571429
14 0.63896520 0.43750000 0.04784799 0.03708791
17 0.64056777 0.40075549 0.04555861 0.03319597
11 0.58390568 0.63255495 0.03365385 0.04441392
28 0.54910714 0.63255495 0.03411172 0.04578755
14 0.51373626 0.63209707 0.03479853 0.04532967
4 0.47962454 0.63289835 0.03525641 0.04555861
13 0.44459707 0.63095238 0.03479853 0.04349817
14 0.41059982 0.63255495 0.03502747 0.04395604
6 0.36126374 0.57795330 0.04487179 0.03548535
25 0.36137821 0.54349817 0.04555861 0.03479853
33 0.36343864 0.50812729 0.04967949 0.03571429
30 0.36401099 0.47184066 0.04716117 0.03640110
9 0.36378205 0.43543956 0.04532967 0.03594322
9 0.36538462 0.39926740 0.04532967 0.03548535
0 0.31753663 0.39858059 0.04349817 0.03502747
0 0.15141612 0.92665214 0.05591866 0.08133624
2 0.19980029 0.92601670 0.05464779 0.08115468
6 0.24618736 0.92529049 0.05410312 0.08079158
8 0.29366376 0.92592593 0.05174292 0.08061002
8 0.34095861 0.92510893 0.05174292 0.08260712
10 0.38834423 0.92483660 0.05156137 0.08278867
16 0.43627451 0.92383805 0.04865650 0.08732752
17 0.48311547 0.92383805 0.04974582 0.08660131
19 0.52977487 0.92365650 0.04611474 0.08660131
20 0.57706972 0.92311184 0.04920116 0.08551198
24 0.62599855 0.92401961 0.05192447 0.08224401
26 0.67347495 0.92374728 0.04375454 0.08387800
26 0.72140523 0.92365650 0.05101670 0.08442266
31 0.92404632 0.31221617 0.04359673 0.03042688
31 0.93029064 0.27282016 0.03746594 0.04745686
31 0.92495459 0.23251589 0.04541326 0.03633061
32 0.92665758 0.11603088 0.04564033 0.03405995
32 0.93131244 0.15690282 0.03360581 0.04813806
32 0.92540872 0.19732062 0.04541326 0.03315168
