27 0.197741 0.152526 0.035197 0.045980
27 0.158526 0.147089 0.043154 0.035167
27 0.119831 0.152546 0.036022 0.047603
14 0.485438 0.340359 0.035403 0.048543
17 0.519641 0.338758 0.034490 0.047408
10 0.553757 0.339521 0.035616 0.047420
3 0.588423 0.339153 0.033374 0.048296
29 0.587775 0.384186 0.034227 0.043804
28 0.553358 0.386803 0.035147 0.045614
1 0.518578 0.387060 0.034498 0.048083
11 0.484705 0.387870 0.034249 0.045830
4 0.451395 0.388786 0.034280 0.048756
17 0.416587 0.386454 0.034462 0.044707
29 0.633175 0.610186 0.046974 0.036061
7 0.680995 0.608328 0.045839 0.035149
12 0.679716 0.572658 0.047197 0.035839
8 0.633020 0.574392 0.044704 0.034237
10 0.632525 0.538376 0.046294 0.035604
2 0.633722 0.502680 0.047195 0.035614
14 0.633232 0.467115 0.047434 0.036967
17 0.634424 0.430969 0.045143 0.033116
11 0.581130 0.659479 0.033554 0.044022
28 0.546914 0.659843 0.034019 0.045377
14 0.512131 0.659762 0.034689 0.044934
4 0.478598 0.660906 0.035142 0.045164
13 0.444137 0.659358 0.034670 0.043133
14 0.410725 0.661289 0.034900 0.043586
6 0.361645 0.608116 0.044491 0.035360
25 0.361398 0.574237 0.045159 0.034692
33 0.363055 0.539436 0.049221 0.035635
30 0.363239 0.503751 0.046752 0.036284
9 0.362633 0.467962 0.044946 0.035815
9 0.363832 0.432378 0.044941 0.035365
0 0.316777 0.432202 0.043136 0.034895
0 0.158950 0.953169 0.055832 0.080558
2 0.206518 0.952039 0.054580 0.080367
6 0.252121 0.950841 0.054041 0.080004
8 0.298809 0.950970 0.051718 0.079801
8 0.345304 0.949673 0.051739 0.081765
10 0.391894 0.948910 0.051563 0.081941
16 0.439011 0.947428 0.048754 0.086374
17 0.485068 0.946939 0.049817 0.085671
19 0.530945 0.946273 0.046247 0.085633
20 0.577442 0.945244 0.049270 0.084594
24 0.625561 0.945626 0.051914 0.081409
26 0.672240 0.944862 0.043898 0.082931
26 0.719367 0.944273 0.051044 0.083542
31 0.912233 0.340952 0.043185 0.030373
31 0.917961 0.302150 0.037334 0.047054
31 0.912294 0.262576 0.045032 0.036197
32 0.912752 0.148023 0.045232 0.033966
32 0.917756 0.188162 0.033546 0.047683
32 0.912373 0.227965 0.044999 0.033071
