27 0.178967 0.131244 0.034622 0.045333
27 0.140277 0.125208 0.042538 0.034604
27 0.101917 0.129955 0.035431 0.046935
14 0.460331 0.321830 0.034815 0.047868
17 0.494183 0.320820 0.033917 0.046749
10 0.527908 0.322148 0.035030 0.046756
3 0.562198 0.322366 0.032809 0.047633
29 0.560801 0.366890 0.033672 0.043185
28 0.526720 0.368900 0.034574 0.044972
1 0.492321 0.368570 0.033921 0.047417
11 0.458808 0.368802 0.033684 0.045189
4 0.425851 0.369150 0.033703 0.048084
17 0.391467 0.366259 0.033900 0.044077
29 0.601905 0.591154 0.046314 0.035473
7 0.649229 0.590118 0.045195 0.034575
12 0.648562 0.554821 0.046535 0.035252
8 0.602353 0.555752 0.044076 0.033677
10 0.602468 0.520127 0.045643 0.035023
2 0.604251 0.484845 0.046533 0.035029
14 0.604363 0.449665 0.046765 0.036366
17 0.606149 0.413938 0.044514 0.032567
11 0.549609 0.639028 0.033005 0.043404
28 0.515765 0.638813 0.033459 0.044742
14 0.481367 0.638150 0.034124 0.044301
4 0.448186 0.638718 0.034571 0.044527
13 0.414131 0.636609 0.034113 0.042520
14 0.381057 0.637957 0.034338 0.042967
6 0.333412 0.584549 0.043860 0.034789
25 0.333736 0.551040 0.044524 0.034125
33 0.335958 0.516652 0.048537 0.035042
30 0.336739 0.481364 0.046092 0.035694
9 0.336742 0.445960 0.044308 0.035237
9 0.338524 0.410790 0.044305 0.034792
0 0.291993 0.409826 0.042521 0.034335
0 0.127166 0.922385 0.054887 0.079451
2 0.174226 0.922066 0.053650 0.079266
6 0.219346 0.921646 0.053118 0.078910
8 0.265516 0.922558 0.050822 0.078718
8 0.311518 0.922056 0.050834 0.080661
10 0.357606 0.922084 0.050659 0.080836
16 0.404227 0.921409 0.047861 0.085233
17 0.449783 0.921698 0.048916 0.084533
19 0.495164 0.921810 0.045385 0.084511
20 0.541164 0.921572 0.048380 0.083470
24 0.588745 0.922758 0.051008 0.080309
26 0.634921 0.922786 0.043073 0.081847
26 0.681537 0.922994 0.050139 0.082422
31 0.882398 0.329580 0.042589 0.029862
31 0.888715 0.291303 0.036731 0.046387
31 0.883774 0.252071 0.044392 0.035615
32 0.886150 0.138792 0.044599 0.033408
32 0.890425 0.178572 0.032981 0.047025
32 0.884433 0.217844 0.044372 0.032523
