2 0.15197957 0.92800128 0.05459770 0.07886335
3 0.20194764 0.92736271 0.05236271 0.07950192
5 0.25031928 0.92768199 0.05332056 0.08014049
6 0.29693487 0.92704342 0.05268199 0.08077905
14 0.34355045 0.92720307 0.05012771 0.08237548
16 0.39128352 0.92784163 0.04916986 0.08365262
18 0.43742018 0.92736271 0.05076628 0.08269476
19 0.48339719 0.92640485 0.04821201 0.08269476
20 0.53160920 0.92640485 0.04885057 0.08141762
23 0.57998084 0.92624521 0.04725415 0.08365262
23 0.62563857 0.92576628 0.04853129 0.08014049
25 0.67305236 0.92672414 0.04885057 0.08205619
26 0.72110473 0.92736271 0.05044700 0.08141762
17 0.40880310 0.63858252 0.03227124 0.04656863
32 0.44352533 0.63929739 0.03390523 0.04963235
28 0.47824755 0.63837827 0.03472222 0.04616013
0 0.51337827 0.63796977 0.03390523 0.04697712
11 0.54912173 0.63776552 0.03513072 0.04697712
25 0.58486520 0.63868464 0.03308824 0.04595588
0 0.63725490 0.58588644 0.04554739 0.03370098
1 0.63705065 0.55044935 0.04779412 0.03533497
7 0.63807190 0.51378676 0.04534314 0.03594771
6 0.63725490 0.47855392 0.04616013 0.03696895
8 0.63766340 0.44199346 0.04656863 0.03574346
29 0.63888889 0.40635212 0.04534314 0.03676471
17 0.59048203 0.35641340 0.03472222 0.04391340
30 0.55586193 0.35763889 0.03492647 0.04636438
26 0.52052696 0.35753676 0.03492647 0.04575163
16 0.48600899 0.35917075 0.03370098 0.04616013
28 0.45087827 0.35947712 0.03492647 0.04758987
11 0.41615605 0.35927288 0.03410948 0.04718137
16 0.36111111 0.58321949 0.04735883 0.03460838
32 0.36065574 0.54792805 0.04872495 0.03369763
29 0.36020036 0.51206740 0.04690346 0.03711293
28 0.36042805 0.47643443 0.04508197 0.03506375
31 0.36076958 0.44011840 0.04644809 0.03483607
32 0.36088342 0.40459927 0.04713115 0.03392532
