28 0.390910 0.065569 0.085687 0.063757
28 0.388473 0.128920 0.083250 0.066194
19 0.388270 0.190850 0.080407 0.060102
26 0.386849 0.255825 0.084874 0.058478
29 0.170399 0.345370 0.065788 0.087717
29 0.106641 0.344761 0.062539 0.084062
26 0.044305 0.345167 0.059696 0.082438
15 0.034881 0.865739 0.069762 0.150478
20 0.109376 0.865739 0.088798 0.152605
21 0.191527 0.867069 0.083481 0.148883
27 0.276869 0.865739 0.086140 0.151542
30 0.360616 0.864676 0.082417 0.147288
31 0.445426 0.866005 0.081886 0.148883
31 0.530237 0.863612 0.090925 0.152605
