2 0.123535 0.963372 0.063494 0.070756
2 0.172330 0.962452 0.059461 0.072596
2 0.220768 0.962957 0.052811 0.071586
3 0.268614 0.962747 0.052098 0.072005
3 0.317290 0.962419 0.053524 0.072662
18 0.365966 0.962091 0.053050 0.073317
18 0.414167 0.961526 0.051153 0.074448
19 0.462607 0.961554 0.051152 0.074391
20 0.511877 0.961108 0.050202 0.075283
20 0.559010 0.960424 0.047118 0.076652
22 0.607924 0.959858 0.050918 0.077784
23 0.656719 0.959412 0.049257 0.078676
23 0.706701 0.959084 0.052820 0.079333
29 0.382327 0.657366 0.039171 0.054015
31 0.419283 0.658387 0.037997 0.053622
27 0.454677 0.658037 0.038391 0.055969
33 0.492417 0.657103 0.036433 0.054012
6 0.528983 0.657928 0.039953 0.054016
6 0.563981 0.661097 0.038781 0.054797
0 0.382655 0.712118 0.038391 0.055578
13 0.418634 0.712160 0.037608 0.055577
32 0.455591 0.713181 0.037219 0.056750
11 0.492157 0.713419 0.037612 0.058706
9 0.527551 0.712482 0.035659 0.060659
29 0.619778 0.602890 0.050111 0.045033
33 0.620803 0.562414 0.052847 0.043863
17 0.618893 0.522912 0.051280 0.041514
0 0.619917 0.483023 0.050888 0.040732
1 0.619374 0.445478 0.052062 0.041515
1 0.618638 0.405587 0.048934 0.041512
11 0.669836 0.603730 0.051673 0.043470
9 0.669103 0.561688 0.053234 0.039952
17 0.668367 0.521601 0.054799 0.041127
3 0.667826 0.482297 0.051279 0.040732
5 0.670218 0.442800 0.053625 0.039953
31 0.330767 0.603337 0.048156 0.045422
27 0.330619 0.561882 0.051672 0.042297
15 0.331643 0.522188 0.050501 0.044251
12 0.330517 0.481710 0.052059 0.038387
12 0.332128 0.441430 0.051277 0.039168
31 0.330608 0.403493 0.051279 0.040732
28 0.283285 0.404416 0.048929 0.037992
8 0.282656 0.441568 0.047761 0.041901
16 0.282413 0.482045 0.048932 0.039947
16 0.281976 0.521348 0.051281 0.042688
28 0.568635 0.357817 0.036831 0.059487
28 0.568698 0.303847 0.038391 0.055578
10 0.532914 0.303806 0.038778 0.052450
33 0.533827 0.359145 0.038396 0.059880
32 0.497066 0.358320 0.034487 0.062222
29 0.459718 0.358277 0.038002 0.057533
9 0.422565 0.358234 0.038785 0.058316
14 0.385608 0.357995 0.039176 0.058708
8 0.496934 0.303764 0.036432 0.052447
4 0.459198 0.300983 0.039168 0.051668
