25 0.59077381 0.36011905 0.03548535 0.04464286
31 0.55574634 0.36092033 0.03365385 0.04532967
29 0.52071886 0.36023352 0.03411172 0.04532967
8 0.48534799 0.35828755 0.03388278 0.04418498
30 0.45043498 0.35920330 0.03365385 0.04555861
9 0.41575092 0.35908883 0.03388278 0.04670330
9 0.36263736 0.40510531 0.04693223 0.03594322
7 0.36206502 0.44127747 0.04578755 0.03777473
30 0.35966117 0.47790751 0.04830586 0.03685897
19 0.36149267 0.51430861 0.04784799 0.03548535
31 0.35954670 0.54956502 0.04578755 0.03456960
17 0.40785256 0.63793498 0.03525641 0.04487179
17 0.44413919 0.63896520 0.03411172 0.04555861
27 0.47939560 0.63896520 0.03365385 0.04464286
0 0.51522436 0.63873626 0.03479853 0.04555861
18 0.55048077 0.63930861 0.03250916 0.04441392
25 0.58516484 0.63919414 0.03456960 0.04830586
26 0.63782051 0.58802656 0.04601648 0.03479853
1 0.63701923 0.55116758 0.04624542 0.03479853
28 0.63804945 0.51442308 0.04716117 0.03685897
28 0.63759158 0.47836538 0.04761905 0.03479853
16 0.63885073 0.44230769 0.04601648 0.03388278
28 0.64022436 0.40785256 0.04647436 0.03594322
33 0.81654888 0.92020024 0.04858657 0.03239105
33 0.85733216 0.91504711 0.03592462 0.04740872
33 0.89207892 0.91504711 0.03474676 0.04681979
0 0.15356302 0.92873969 0.05742049 0.07891637
2 0.20038280 0.92800353 0.05329800 0.08156655
4 0.24823322 0.92785630 0.05300353 0.08127208
4 0.29520024 0.92770907 0.05035336 0.07979976
5 0.34098940 0.92829800 0.04711425 0.07921084
9 0.38972320 0.92712014 0.04858657 0.08097762
11 0.43565960 0.92697291 0.04976443 0.08127208
14 0.48277385 0.92682568 0.04917550 0.08215548
14 0.52871025 0.92697291 0.04799764 0.08244994
32 0.93242049 0.19478799 0.03651355 0.04711425
32 0.92682568 0.15459364 0.04711425 0.03386337
32 0.92741461 0.11822733 0.04593640 0.03592462
