7 0.631050 0.029555 0.079804 0.059111
30 0.626860 0.090035 0.084193 0.064242
19 0.630053 0.153479 0.083395 0.061848
31 0.626661 0.214928 0.079804 0.060252
17 0.710854 0.368950 0.061449 0.078208
17 0.774099 0.370745 0.059454 0.079405
27 0.835548 0.370745 0.058656 0.077809
0 0.897995 0.370346 0.060651 0.079405
18 0.959444 0.371344 0.056661 0.077410
0 0.267648 0.875799 0.100079 0.137545
2 0.349251 0.874516 0.092894 0.142164
4 0.432650 0.874259 0.092381 0.141651
4 0.514510 0.874003 0.087762 0.139085
5 0.594317 0.875029 0.082116 0.138058
9 0.679256 0.872976 0.084682 0.141137
11 0.759320 0.872720 0.086735 0.141651
14 0.841436 0.872463 0.085709 0.143190
14 0.921499 0.872720 0.083656 0.143704
