29 0.279472 0.036230 0.096284 0.072460
18 0.278509 0.108728 0.096926 0.080237
21 0.375435 0.188323 0.098210 0.077669
17 0.277867 0.186397 0.100778 0.080237
9 0.179015 0.301617 0.069967 0.107839
0 0.106160 0.302259 0.069325 0.114257
28 0.038440 0.303864 0.071250 0.111048
10 0.374472 0.110653 0.094359 0.075744
22 0.078558 0.907888 0.089865 0.166251
22 0.172596 0.905641 0.090507 0.173312
23 0.263745 0.904037 0.092433 0.173954
24 0.352969 0.903395 0.095001 0.173954
32 0.445402 0.904678 0.098852 0.172670
14 0.564153 0.905641 0.115541 0.172028
