10 0.162562 0.945197 0.055829 0.081691
15 0.212849 0.943760 0.056240 0.083744
12 0.256979 0.944171 0.055829 0.083744
13 0.302750 0.944992 0.052135 0.082923
15 0.351601 0.943350 0.052135 0.085386
19 0.396141 0.944376 0.051724 0.083333
20 0.443760 0.943966 0.050903 0.085796
20 0.487890 0.945197 0.048030 0.082512
24 0.535714 0.944992 0.046798 0.082923
5 0.583744 0.944992 0.048440 0.083744
27 0.629516 0.944376 0.048030 0.085796
0 0.676108 0.944171 0.047619 0.087028
33 0.722496 0.943966 0.048440 0.086617
0 0.409483 0.646962 0.035714 0.048851
8 0.444581 0.645320 0.034483 0.050493
28 0.481732 0.647167 0.036535 0.051724
8 0.639778 0.593186 0.049672 0.040640
9 0.638752 0.553571 0.048440 0.036946
0 0.638547 0.518062 0.048030 0.038998
29 0.359195 0.440066 0.050903 0.039819
16 0.358785 0.402094 0.050082 0.036125
33 0.552750 0.355911 0.036125 0.053777
9 0.589080 0.355911 0.036535 0.054598
