10 0.178606 0.940690 0.055525 0.080502
11 0.227776 0.939873 0.055951 0.082513
12 0.270905 0.940791 0.055549 0.082508
13 0.315635 0.942129 0.051929 0.081662
15 0.363403 0.941095 0.051957 0.084070
19 0.406926 0.942619 0.051532 0.082059
20 0.453476 0.942775 0.050758 0.084456
20 0.496596 0.944495 0.047911 0.081213
24 0.543344 0.944853 0.046712 0.081600
26 0.590290 0.945415 0.048327 0.082421
27 0.635037 0.945349 0.047950 0.084423
30 0.680581 0.945693 0.047563 0.085622
33 0.725924 0.946035 0.048361 0.085230
0 0.423446 0.652070 0.035480 0.048166
8 0.457772 0.650875 0.034296 0.049757
28 0.494063 0.653116 0.036316 0.050985
8 0.649176 0.602200 0.049026 0.040305
9 0.648636 0.563467 0.047780 0.036679
0 0.648851 0.528757 0.047402 0.038680
29 0.376713 0.449252 0.050221 0.039517
16 0.376755 0.412132 0.049375 0.035896
33 0.566886 0.369260 0.035939 0.052986
9 0.602397 0.369685 0.036350 0.053794
