33 0.754885 0.949280 0.052601 0.094782
2 0.132622 0.938646 0.056238 0.093696
5 0.179282 0.939970 0.051953 0.093443
5 0.226798 0.941310 0.053847 0.093992
7 0.272676 0.943218 0.049724 0.093229
8 0.319617 0.943262 0.048854 0.092527
18 0.367235 0.943747 0.049233 0.094417
19 0.413729 0.944811 0.049075 0.095099
19 0.459126 0.944997 0.049411 0.094763
24 0.506470 0.946333 0.049605 0.095965
24 0.551689 0.946858 0.047550 0.095926
26 0.599475 0.947518 0.050287 0.095807
27 0.647428 0.948438 0.048067 0.096107
32 0.695403 0.948160 0.054219 0.095540
