29 0.802907 0.315595 0.066519 0.100025
33 0.871643 0.315349 0.068983 0.102488
17 0.940872 0.315595 0.071446 0.097068
11 0.802414 0.413402 0.068490 0.095590
9 0.871397 0.414141 0.068490 0.094112
17 0.940133 0.413156 0.068983 0.097068
33 0.701158 0.060360 0.090663 0.073417
6 0.701404 0.133530 0.091155 0.069968
6 0.703868 0.205223 0.091155 0.073417
11 0.606553 0.063809 0.091648 0.075388
9 0.608278 0.133530 0.094112 0.072924
0 0.329884 0.896526 0.111850 0.157674
3 0.419561 0.896773 0.110865 0.156196
4 0.511210 0.896280 0.109879 0.156196
5 0.599901 0.894555 0.106923 0.161616
13 0.689579 0.896280 0.101996 0.161123
14 0.781227 0.895048 0.097068 0.158660
19 0.870904 0.894063 0.101010 0.159645
19 0.955790 0.892338 0.083543 0.156196
