28 0.582582 0.320014 0.036940 0.052254
8 0.546785 0.317469 0.037593 0.050316
16 0.512895 0.316487 0.035933 0.051719
7 0.478415 0.314862 0.035880 0.050487
5 0.444150 0.313988 0.037861 0.050819
31 0.579891 0.370488 0.037497 0.053753
12 0.544662 0.369078 0.037508 0.054000
12 0.510140 0.368439 0.038397 0.051826
15 0.475671 0.366568 0.036951 0.052500
27 0.441705 0.364473 0.038504 0.054289
31 0.408607 0.362292 0.037701 0.052779
14 0.626599 0.420028 0.047424 0.038943
9 0.625188 0.458096 0.048463 0.040217
29 0.622729 0.494760 0.049609 0.038300
32 0.621184 0.530230 0.047617 0.037722
33 0.620449 0.566970 0.047371 0.037711
28 0.618214 0.604137 0.048131 0.038236
28 0.664779 0.605917 0.048688 0.039735
10 0.666650 0.568611 0.046621 0.037433
8 0.667905 0.531277 0.049363 0.038289
4 0.670279 0.493745 0.047360 0.037465
6 0.671834 0.458029 0.047852 0.037486
29 0.395516 0.646021 0.035430 0.051451
33 0.429883 0.647394 0.036715 0.052736
17 0.464485 0.649024 0.037829 0.050080
0 0.499773 0.651917 0.037593 0.050316
1 0.533680 0.652529 0.037872 0.051065
1 0.569038 0.653822 0.035612 0.049984
11 0.393141 0.694905 0.036319 0.049277
9 0.427610 0.696776 0.036287 0.048538
17 0.461993 0.697779 0.036597 0.050026
3 0.497442 0.699816 0.035548 0.048506
5 0.530202 0.701242 0.037047 0.049063
29 0.355100 0.406605 0.046203 0.039135
31 0.352865 0.443773 0.046428 0.038653
27 0.350539 0.480196 0.046856 0.037197
33 0.350205 0.516213 0.046921 0.038675
6 0.348736 0.552797 0.047092 0.036961
6 0.348407 0.588690 0.047167 0.038686
0 0.307854 0.403438 0.049191 0.040003
13 0.306005 0.440252 0.047660 0.038707
32 0.304193 0.479042 0.049973 0.041020
11 0.302836 0.515878 0.047456 0.039682
9 0.302181 0.550770 0.048634 0.038504
0 0.146405 0.926140 0.059346 0.081257
3 0.191230 0.928214 0.058821 0.080496
4 0.237056 0.929962 0.058329 0.080475
5 0.281432 0.931030 0.056969 0.083120
13 0.326225 0.933844 0.054495 0.082767
14 0.372067 0.935223 0.051978 0.081428
19 0.416919 0.936682 0.053970 0.082006
19 0.461787 0.937771 0.049954 0.080110
20 0.506874 0.939487 0.048273 0.081021
21 0.550987 0.940914 0.049322 0.082541
22 0.596021 0.943862 0.049279 0.081556
24 0.641676 0.946713 0.048080 0.082241
25 0.687519 0.948091 0.052010 0.082167
