28 0.603111 0.326288 0.036643 0.052170
8 0.567079 0.326541 0.037317 0.050216
16 0.533078 0.328210 0.035637 0.051641
7 0.498437 0.329281 0.035594 0.050404
5 0.464068 0.331087 0.037582 0.050719
31 0.604366 0.377023 0.037189 0.053671
12 0.568992 0.378368 0.037198 0.053919
12 0.534385 0.380429 0.038111 0.051726
15 0.499735 0.381254 0.036652 0.052417
27 0.465571 0.381814 0.038196 0.054200
31 0.432270 0.382220 0.037403 0.052690
14 0.654997 0.422958 0.047298 0.038699
9 0.656563 0.461174 0.048331 0.039970
29 0.656970 0.498068 0.049499 0.038034
32 0.658199 0.533694 0.047503 0.037471
33 0.660337 0.570528 0.047256 0.037462
28 0.661008 0.607908 0.048015 0.037983
28 0.707760 0.606046 0.048561 0.039484
10 0.706713 0.568556 0.046505 0.037189
8 0.705049 0.531087 0.049252 0.038025
4 0.704489 0.493331 0.047247 0.037215
6 0.703251 0.457457 0.047742 0.037232
29 0.441364 0.667258 0.035133 0.051376
33 0.475873 0.665943 0.036413 0.052656
17 0.510638 0.664867 0.037556 0.049977
0 0.546188 0.665002 0.037317 0.050216
1 0.580176 0.662962 0.037590 0.050967
1 0.615670 0.661490 0.035329 0.049900
11 0.442811 0.716377 0.036046 0.049184
9 0.477461 0.715552 0.036020 0.048441
17 0.511957 0.713866 0.036319 0.049935
3 0.547601 0.713132 0.035278 0.048416
5 0.580506 0.711996 0.036780 0.048962
29 0.382175 0.430764 0.046070 0.038904
31 0.382846 0.468144 0.046300 0.038418
27 0.383368 0.504786 0.046744 0.036950
33 0.385851 0.540864 0.046795 0.038435
6 0.387243 0.577600 0.046983 0.036711
6 0.389723 0.613555 0.047043 0.038443
0 0.334635 0.431290 0.049064 0.039749
13 0.335664 0.468286 0.047537 0.038460
32 0.336885 0.507257 0.049841 0.040764
11 0.338409 0.544236 0.047324 0.039441
9 0.340483 0.579214 0.048518 0.038247
0 0.213921 0.962672 0.058894 0.072157
3 0.258953 0.962146 0.058373 0.073207
4 0.304962 0.961233 0.057878 0.075035
5 0.349465 0.959364 0.056488 0.078773
13 0.394523 0.959103 0.054005 0.079294
14 0.440520 0.958330 0.051489 0.080840
19 0.485530 0.956535 0.053485 0.081910
19 0.530529 0.954115 0.049467 0.080042
20 0.575795 0.952305 0.047769 0.080972
21 0.620064 0.950282 0.048810 0.082490
22 0.665374 0.949709 0.048776 0.081501
24 0.711298 0.948991 0.047564 0.082200
25 0.757294 0.946784 0.051514 0.082089
