29 0.59068627 0.35360106 0.03563348 0.05147059
32 0.55467572 0.35162142 0.03601056 0.04939668
0 0.52045626 0.35171569 0.03582202 0.05071644
9 0.48491704 0.35228130 0.03638763 0.05071644
17 0.35935143 0.39960407 0.04638009 0.03676471
9 0.35991704 0.43646305 0.04713424 0.03582202
30 0.35765460 0.47501885 0.04864253 0.03865008
32 0.35784314 0.51300905 0.04826546 0.03770739
29 0.35756033 0.54996229 0.04807692 0.03582202
10 0.40903092 0.64375943 0.03355958 0.04769985
13 0.44334465 0.64338235 0.03544495 0.04732278
10 0.47897813 0.64243967 0.03506787 0.04845400
27 0.51348039 0.64375943 0.03544495 0.04958522
11 0.54751131 0.64253394 0.03450226 0.04638009
28 0.63744344 0.58993213 0.04506033 0.03544495
32 0.63782051 0.55250754 0.04619155 0.03789593
17 0.63829186 0.51564857 0.04600302 0.03733032
29 0.63791478 0.47728130 0.04600302 0.03676471
0 0.15867248 0.94500969 0.05474806 0.08091085
0 0.20918120 0.94440407 0.05450581 0.08406008
1 0.25411822 0.94428295 0.05087209 0.08284884
2 0.30135659 0.94464632 0.05087209 0.08309109
8 0.34702035 0.94452519 0.05305233 0.08333333
16 0.39341085 0.94573643 0.05038760 0.08381783
17 0.43992248 0.94476744 0.04723837 0.08527132
22 0.48631298 0.94416182 0.04796512 0.08551357
24 0.53270349 0.94355620 0.04869186 0.08624031
26 0.58103198 0.94331395 0.04772287 0.08575581
31 0.62778585 0.94246609 0.04772287 0.08648256
31 0.67308624 0.94319283 0.04723837 0.08745155
32 0.72298934 0.94295058 0.05353682 0.08938953
