16 0.590503 0.353076 0.034289 0.050499
31 0.555278 0.353803 0.034913 0.051538
10 0.519950 0.352764 0.034081 0.048628
17 0.484934 0.353699 0.035536 0.050499
10 0.450125 0.355569 0.034913 0.047174
6 0.415108 0.354738 0.033458 0.048836
31 0.590607 0.302473 0.035328 0.049460
25 0.554447 0.303720 0.036160 0.049875
13 0.639339 0.402847 0.044680 0.038446
1 0.638404 0.441293 0.046966 0.038030
27 0.637677 0.478387 0.048005 0.037822
32 0.637261 0.516521 0.047382 0.038030
7 0.684643 0.516106 0.046550 0.038030
33 0.636430 0.554551 0.048213 0.038861
26 0.684435 0.553928 0.048213 0.037614
9 0.637053 0.593101 0.048213 0.037406
9 0.684643 0.591646 0.048213 0.036575
30 0.586866 0.644119 0.034705 0.048005
30 0.550707 0.645158 0.035536 0.048421
29 0.515482 0.645054 0.035328 0.048213
0 0.479530 0.645574 0.036991 0.050083
9 0.443059 0.645470 0.036367 0.050291
14 0.477972 0.695033 0.034289 0.048005
5 0.442643 0.695761 0.034289 0.048628
8 0.407211 0.644846 0.034913 0.051122
31 0.407835 0.695657 0.034913 0.046758
27 0.358375 0.591854 0.047174 0.036575
7 0.359102 0.554239 0.046135 0.039485
30 0.358583 0.515066 0.045719 0.038030
28 0.360557 0.477452 0.048005 0.036783
8 0.360453 0.439734 0.045303 0.039900
0 0.360245 0.399938 0.047797 0.037614
15 0.313071 0.401081 0.049460 0.038653
8 0.312552 0.438799 0.048836 0.039692
2 0.312032 0.475582 0.045719 0.037614
23 0.718015 0.945343 0.051961 0.084804
22 0.671936 0.945588 0.045098 0.083333
21 0.627574 0.943873 0.054412 0.084804
18 0.576103 0.943627 0.048529 0.083333
18 0.531495 0.943627 0.045588 0.084314
14 0.483701 0.944118 0.048039 0.084314
12 0.435417 0.942157 0.050490 0.083333
12 0.390319 0.943382 0.051471 0.080882
11 0.344240 0.943627 0.051471 0.087255
10 0.297917 0.944118 0.056863 0.082353
5 0.252574 0.944363 0.056373 0.082843
4 0.205270 0.946324 0.053922 0.080882
15 0.159191 0.944853 0.054902 0.080882
