16 0.59050291 0.35307564 0.03428928 0.05049875
29 0.55527847 0.35380299 0.03491272 0.05153782
10 0.51995012 0.35276392 0.03408146 0.04862843
17 0.48493350 0.35369909 0.03553616 0.05049875
10 0.45012469 0.35556941 0.03491272 0.04717373
6 0.41510806 0.35473815 0.03345802 0.04883624
31 0.59060682 0.30247298 0.03532835 0.04945968
25 0.55444722 0.30371987 0.03615960 0.04987531
13 0.63933915 0.40284705 0.04467997 0.03844555
1 0.63840399 0.44129260 0.04696592 0.03802993
27 0.63767664 0.47838736 0.04800499 0.03782211
32 0.63726101 0.51652120 0.04738155 0.03802993
7 0.68464256 0.51610557 0.04655029 0.03802993
33 0.63642976 0.55455112 0.04821280 0.03886118
26 0.68443475 0.55392768 0.04821280 0.03761430
9 0.63705320 0.59310058 0.04821280 0.03740648
9 0.68464256 0.59164589 0.04821280 0.03657523
30 0.58686617 0.64411887 0.03470490 0.04800499
30 0.55070657 0.64515794 0.03553616 0.04842062
29 0.51548213 0.64505403 0.03532835 0.04821280
0 0.47953034 0.64557357 0.03699086 0.05008313
9 0.44305902 0.64546966 0.03636741 0.05029094
14 0.47797174 0.69503325 0.03428928 0.04800499
5 0.44264339 0.69576060 0.03428928 0.04862843
8 0.40721114 0.64484622 0.03491272 0.05112219
31 0.40783458 0.69565669 0.03491272 0.04675810
27 0.35837490 0.59185370 0.04717373 0.03657523
7 0.35910224 0.55423940 0.04613466 0.03948462
30 0.35858271 0.51506650 0.04571904 0.03802993
28 0.36055694 0.47745220 0.04800499 0.03678304
8 0.36045303 0.43973400 0.04530341 0.03990025
0 0.36024522 0.39993766 0.04779717 0.03761430
15 0.31307149 0.40108063 0.04945968 0.03865337
8 0.31255195 0.43879884 0.04883624 0.03969244
2 0.31203242 0.47558188 0.04571904 0.03761430
23 0.71801471 0.94534314 0.05196078 0.08480392
22 0.67193627 0.94558824 0.04509804 0.08333333
21 0.62757353 0.94387255 0.05441176 0.08480392
18 0.57610294 0.94362745 0.04852941 0.08333333
18 0.53149510 0.94362745 0.04558824 0.08431373
14 0.48370098 0.94411765 0.04803922 0.08431373
12 0.43541667 0.94215686 0.05049020 0.08333333
12 0.39031863 0.94338235 0.05147059 0.08088235
11 0.34424020 0.94362745 0.05147059 0.08725490
10 0.29791667 0.94411765 0.05686275 0.08235294
5 0.25257353 0.94436275 0.05637255 0.08284314
4 0.20526961 0.94632353 0.05392157 0.08088235
3 0.15919118 0.94485294 0.05490196 0.08088235
