3 0.154747 0.966910 0.056221 0.063680
4 0.201166 0.965632 0.056240 0.066236
9 0.246355 0.963801 0.054713 0.069899
11 0.292583 0.962323 0.055188 0.072854
12 0.336562 0.961101 0.055132 0.075298
13 0.384018 0.959623 0.053261 0.078254
15 0.428491 0.959201 0.052442 0.079097
16 0.475081 0.958124 0.051967 0.081252
17 0.518898 0.956711 0.051623 0.084078
17 0.567127 0.955815 0.049584 0.085870
31 0.803490 0.941782 0.048463 0.037395
31 0.843663 0.934502 0.036343 0.051609
31 0.875873 0.932806 0.037599 0.052865
9 0.650789 0.607334 0.048174 0.039777
7 0.648851 0.569921 0.049282 0.037832
29 0.603779 0.609917 0.051050 0.041508
27 0.603150 0.570438 0.047718 0.038558
27 0.600822 0.533244 0.046480 0.037702
33 0.600057 0.495175 0.049319 0.038632
32 0.598557 0.458544 0.049701 0.038251
7 0.596695 0.422732 0.051720 0.038744
9 0.547493 0.378088 0.037543 0.051665
5 0.546455 0.329803 0.038288 0.050501
20 0.511643 0.331620 0.037580 0.052465
29 0.515013 0.382604 0.037962 0.052083
22 0.481165 0.383573 0.039908 0.050976
3 0.444353 0.385483 0.040000 0.052977
19 0.411031 0.384823 0.036966 0.056430
7 0.375656 0.387468 0.041350 0.056234
27 0.325180 0.436339 0.051413 0.040727
32 0.328528 0.473887 0.048137 0.038977
33 0.329865 0.511328 0.050557 0.039489
30 0.330955 0.547777 0.051795 0.040345
30 0.331236 0.584064 0.049775 0.039852
26 0.331916 0.620331 0.045279 0.037646
29 0.385292 0.672804 0.035468 0.049971
30 0.420620 0.669159 0.037506 0.050864
27 0.454407 0.671200 0.037841 0.058068
29 0.488762 0.668202 0.036910 0.055230
19 0.522401 0.667041 0.036687 0.050427
8 0.559232 0.665532 0.037543 0.051665
22 0.387805 0.722624 0.039163 0.052139
20 0.423980 0.719942 0.036343 0.051609
