8 0.396250 0.333750 0.431250 0.333750 0.431250 0.401250 0.396250 0.401250
19 0.430000 0.336250 0.467500 0.336250 0.467500 0.403750 0.430000 0.403750
29 0.465000 0.336250 0.502500 0.336250 0.502500 0.406250 0.465000 0.406250
27 0.501250 0.332500 0.537500 0.332500 0.537500 0.406250 0.501250 0.406250
30 0.538750 0.336250 0.573750 0.336250 0.573750 0.407500 0.538750 0.407500
29 0.572500 0.336250 0.603750 0.336250 0.603750 0.407500 0.572500 0.407500
30 0.608750 0.423750 0.661250 0.423750 0.661250 0.462500 0.608750 0.462500
30 0.611250 0.461250 0.662500 0.461250 0.662500 0.497500 0.611250 0.497500
33 0.608750 0.497500 0.662500 0.497500 0.662500 0.532500 0.608750 0.532500
32 0.611250 0.535000 0.662500 0.535000 0.662500 0.570000 0.611250 0.570000
27 0.608750 0.572500 0.661250 0.572500 0.661250 0.618750 0.608750 0.618750
7 0.566250 0.615000 0.603750 0.615000 0.603750 0.678750 0.566250 0.678750
19 0.530000 0.612500 0.566250 0.612500 0.566250 0.678750 0.530000 0.678750
3 0.495000 0.612500 0.533750 0.612500 0.533750 0.680000 0.495000 0.680000
22 0.460000 0.612500 0.497500 0.612500 0.497500 0.680000 0.460000 0.680000
29 0.423750 0.615000 0.461250 0.615000 0.461250 0.678750 0.423750 0.678750
9 0.391250 0.615000 0.426250 0.615000 0.426250 0.678750 0.391250 0.678750
7 0.336250 0.570000 0.382500 0.570000 0.382500 0.620000 0.336250 0.620000
32 0.335000 0.532500 0.382500 0.532500 0.382500 0.570000 0.335000 0.570000
33 0.335000 0.496250 0.383750 0.496250 0.383750 0.533750 0.335000 0.533750
0 0.333750 0.458750 0.385000 0.458750 0.385000 0.497500 0.333750 0.497500
27 0.333750 0.423750 0.385000 0.423750 0.385000 0.460000 0.333750 0.460000
29 0.335000 0.387500 0.383750 0.387500 0.383750 0.425000 0.335000 0.425000
1 0.121250 0.878750 0.185000 0.878750 0.185000 0.970000 0.121250 0.970000
1 0.172500 0.878750 0.233750 0.878750 0.233750 0.968750 0.172500 0.968750
5 0.220000 0.877500 0.280000 0.877500 0.280000 0.968750 0.220000 0.968750
6 0.268750 0.878750 0.326250 0.878750 0.326250 0.968750 0.268750 0.968750
6 0.313750 0.877500 0.370000 0.877500 0.370000 0.968750 0.313750 0.968750
14 0.365000 0.877500 0.418750 0.877500 0.418750 0.968750 0.365000 0.968750
14 0.408750 0.877500 0.463750 0.877500 0.463750 0.968750 0.408750 0.968750
17 0.458750 0.878750 0.510000 0.878750 0.510000 0.968750 0.458750 0.968750
17 0.506250 0.878750 0.558750 0.878750 0.558750 0.968750 0.506250 0.968750
20 0.557500 0.878750 0.605000 0.878750 0.605000 0.968750 0.557500 0.968750
25 0.603750 0.878750 0.655000 0.878750 0.655000 0.968750 0.603750 0.968750
26 0.651250 0.880000 0.701250 0.880000 0.701250 0.970000 0.651250 0.970000
26 0.696250 0.878750 0.751250 0.878750 0.751250 0.970000 0.696250 0.970000
31 0.087500 0.091250 0.128750 0.091250 0.128750 0.160000 0.087500 0.160000
17 0.458750 0.878750 0.510000 0.878750 0.510000 0.968750 0.458750 0.968750
31 0.121250 0.091250 0.162500 0.091250 0.162500 0.161250 0.121250 0.161250
31 0.153750 0.091250 0.207500 0.091250 0.207500 0.151250 0.153750 0.151250
