4 0.145000 0.903750 0.203750 0.903750 0.203750 0.997500 0.145000 0.997500
4 0.197500 0.905000 0.246250 0.905000 0.246250 0.998750 0.197500 0.998750
4 0.237500 0.905000 0.292500 0.905000 0.292500 0.997500 0.237500 0.997500
7 0.286250 0.906250 0.336250 0.906250 0.336250 0.996250 0.286250 0.996250
7 0.331250 0.906250 0.380000 0.906250 0.380000 0.998750 0.331250 0.998750
14 0.377500 0.906250 0.427500 0.906250 0.427500 0.997500 0.377500 0.997500
15 0.423750 0.905000 0.471250 0.905000 0.471250 0.996250 0.423750 0.996250
16 0.467500 0.906250 0.518750 0.906250 0.518750 0.997500 0.467500 0.997500
2 0.512500 0.906250 0.563750 0.906250 0.563750 0.998750 0.512500 0.998750
22 0.561250 0.905000 0.607500 0.905000 0.607500 0.998750 0.561250 0.998750
22 0.607500 0.905000 0.652500 0.905000 0.652500 0.997500 0.607500 0.997500
23 0.651250 0.905000 0.698750 0.905000 0.698750 0.997500 0.651250 0.997500
24 0.697500 0.906250 0.747500 0.906250 0.747500 0.997500 0.697500 0.997500
8 0.333750 0.373750 0.383750 0.373750 0.383750 0.416250 0.333750 0.416250
18 0.335000 0.413750 0.385000 0.413750 0.385000 0.456250 0.335000 0.456250
30 0.336250 0.455000 0.385000 0.455000 0.385000 0.496250 0.336250 0.496250
31 0.336250 0.493750 0.386250 0.493750 0.386250 0.533750 0.336250 0.533750
32 0.336250 0.531250 0.385000 0.531250 0.385000 0.571250 0.336250 0.571250
18 0.336250 0.570000 0.385000 0.570000 0.385000 0.607500 0.336250 0.607500
0 0.286250 0.372500 0.335000 0.372500 0.335000 0.416250 0.286250 0.416250
27 0.286250 0.413750 0.335000 0.413750 0.335000 0.455000 0.286250 0.455000
27 0.287500 0.453750 0.336250 0.453750 0.336250 0.495000 0.287500 0.495000
27 0.287500 0.493750 0.336250 0.493750 0.336250 0.535000 0.287500 0.535000
29 0.393750 0.622500 0.428750 0.622500 0.428750 0.675000 0.393750 0.675000
29 0.428750 0.622500 0.463750 0.622500 0.463750 0.675000 0.428750 0.675000
33 0.462500 0.622500 0.500000 0.622500 0.500000 0.673750 0.462500 0.673750
28 0.497500 0.622500 0.533750 0.622500 0.533750 0.676250 0.497500 0.676250
0 0.533750 0.622500 0.567500 0.622500 0.567500 0.680000 0.533750 0.680000
9 0.567500 0.623750 0.602500 0.623750 0.602500 0.683750 0.567500 0.683750
26 0.393750 0.675000 0.430000 0.675000 0.430000 0.730000 0.393750 0.730000
32 0.428750 0.673750 0.465000 0.673750 0.465000 0.732500 0.428750 0.732500
15 0.465000 0.675000 0.501250 0.675000 0.501250 0.731250 0.465000 0.731250
5 0.498750 0.676250 0.535000 0.676250 0.535000 0.733750 0.498750 0.733750
17 0.612500 0.572500 0.663750 0.572500 0.663750 0.620000 0.612500 0.620000
21 0.663750 0.573750 0.711250 0.573750 0.711250 0.621250 0.663750 0.621250
18 0.612500 0.533750 0.662500 0.533750 0.662500 0.573750 0.612500 0.573750
10 0.661250 0.533750 0.711250 0.533750 0.711250 0.573750 0.661250 0.573750
29 0.613750 0.495000 0.662500 0.495000 0.662500 0.535000 0.613750 0.535000
16 0.660000 0.495000 0.711250 0.495000 0.711250 0.532500 0.660000 0.532500
5 0.613750 0.456250 0.662500 0.456250 0.662500 0.495000 0.613750 0.495000
1 0.661250 0.456250 0.710000 0.456250 0.710000 0.495000 0.661250 0.495000
19 0.613750 0.416250 0.662500 0.416250 0.662500 0.456250 0.613750 0.456250
9 0.662500 0.415000 0.708750 0.415000 0.708750 0.456250 0.662500 0.456250
28 0.613750 0.376250 0.661250 0.376250 0.661250 0.416250 0.613750 0.416250
27 0.571250 0.318750 0.606250 0.318750 0.606250 0.381250 0.571250 0.381250
31 0.533750 0.318750 0.571250 0.318750 0.571250 0.382500 0.533750 0.382500
18 0.498750 0.320000 0.536250 0.320000 0.536250 0.382500 0.498750 0.382500
25 0.465000 0.320000 0.500000 0.320000 0.500000 0.381250 0.465000 0.381250
28 0.427500 0.317500 0.463750 0.317500 0.463750 0.382500 0.427500 0.382500
17 0.395000 0.318750 0.428750 0.318750 0.428750 0.382500 0.395000 0.382500
31 0.426250 0.267500 0.463750 0.267500 0.463750 0.317500 0.426250 0.317500
26 0.462500 0.267500 0.498750 0.267500 0.498750 0.317500 0.462500 0.317500
6 0.497500 0.266250 0.533750 0.266250 0.533750 0.320000 0.497500 0.320000
29 0.532500 0.266250 0.570000 0.266250 0.570000 0.318750 0.532500 0.318750
19 0.568750 0.265000 0.606250 0.265000 0.606250 0.320000 0.568750 0.320000
