0 0.131250 0.900000 0.192500 0.900000 0.192500 0.987500 0.131250 0.987500
2 0.178750 0.900000 0.238750 0.900000 0.238750 0.986250 0.178750 0.986250
6 0.227500 0.900000 0.285000 0.900000 0.285000 0.985000 0.227500 0.985000
6 0.272500 0.900000 0.330000 0.900000 0.330000 0.986250 0.272500 0.986250
8 0.321250 0.900000 0.376250 0.900000 0.376250 0.986250 0.321250 0.986250
9 0.370000 0.900000 0.421250 0.900000 0.421250 0.986250 0.370000 0.986250
11 0.416250 0.897500 0.467500 0.897500 0.467500 0.986250 0.416250 0.986250
12 0.463750 0.898750 0.512500 0.898750 0.512500 0.986250 0.463750 0.986250
13 0.511250 0.898750 0.560000 0.898750 0.560000 0.986250 0.511250 0.986250
18 0.557500 0.897500 0.605000 0.897500 0.605000 0.986250 0.557500 0.986250
23 0.605000 0.897500 0.651250 0.897500 0.651250 0.985000 0.605000 0.985000
25 0.651250 0.897500 0.700000 0.897500 0.700000 0.986250 0.651250 0.986250
26 0.700000 0.898750 0.750000 0.898750 0.750000 0.986250 0.700000 0.986250
31 0.755000 0.898750 0.813750 0.898750 0.813750 0.986250 0.755000 0.986250
29 0.332500 0.383750 0.380000 0.383750 0.380000 0.422500 0.332500 0.422500
27 0.331250 0.422500 0.381250 0.422500 0.381250 0.466250 0.331250 0.466250
19 0.533750 0.330000 0.571250 0.330000 0.571250 0.391250 0.533750 0.391250
5 0.567500 0.328750 0.606250 0.328750 0.606250 0.391250 0.567500 0.391250
18 0.612500 0.536250 0.660000 0.536250 0.660000 0.576250 0.612500 0.576250
0 0.612500 0.577500 0.660000 0.577500 0.660000 0.615000 0.612500 0.615000
21 0.426250 0.622500 0.462500 0.622500 0.462500 0.676250 0.426250 0.676250
33 0.391250 0.622500 0.427500 0.622500 0.427500 0.678750 0.391250 0.678750
