1 0.123750 0.896250 0.190000 0.896250 0.190000 0.987500 0.123750 0.987500
2 0.176250 0.898750 0.235000 0.898750 0.235000 0.986250 0.176250 0.986250
11 0.225000 0.900000 0.282500 0.900000 0.282500 0.986250 0.225000 0.986250
12 0.273750 0.898750 0.325000 0.898750 0.325000 0.987500 0.273750 0.987500
14 0.321250 0.897500 0.373750 0.897500 0.373750 0.985000 0.321250 0.985000
15 0.366250 0.896250 0.418750 0.896250 0.418750 0.986250 0.366250 0.986250
19 0.416250 0.898750 0.466250 0.898750 0.466250 0.986250 0.416250 0.986250
20 0.462500 0.898750 0.511250 0.898750 0.511250 0.986250 0.462500 0.986250
22 0.510000 0.898750 0.558750 0.898750 0.558750 0.986250 0.510000 0.986250
24 0.556250 0.897500 0.603750 0.897500 0.603750 0.986250 0.556250 0.986250
26 0.603750 0.897500 0.651250 0.897500 0.651250 0.986250 0.603750 0.986250
29 0.651250 0.896250 0.696250 0.896250 0.696250 0.986250 0.651250 0.986250
30 0.697500 0.897500 0.746250 0.897500 0.746250 0.986250 0.697500 0.986250
15 0.390000 0.621250 0.426250 0.621250 0.426250 0.673750 0.390000 0.673750
26 0.425000 0.618750 0.461250 0.618750 0.461250 0.676250 0.425000 0.676250
7 0.458750 0.620000 0.496250 0.620000 0.496250 0.676250 0.458750 0.676250
9 0.493750 0.620000 0.532500 0.620000 0.532500 0.675000 0.493750 0.675000
15 0.531250 0.620000 0.567500 0.620000 0.567500 0.675000 0.531250 0.675000
10 0.333750 0.570000 0.380000 0.570000 0.380000 0.613750 0.333750 0.613750
31 0.332500 0.533750 0.381250 0.533750 0.381250 0.571250 0.332500 0.571250
8 0.335000 0.495000 0.383750 0.495000 0.383750 0.533750 0.335000 0.533750
19 0.333750 0.457500 0.380000 0.457500 0.380000 0.495000 0.333750 0.495000
31 0.332500 0.420000 0.381250 0.420000 0.381250 0.457500 0.332500 0.457500
33 0.333750 0.380000 0.382500 0.380000 0.382500 0.420000 0.333750 0.420000
23 0.395000 0.327500 0.430000 0.327500 0.430000 0.378750 0.395000 0.378750
27 0.430000 0.326250 0.466250 0.326250 0.466250 0.382500 0.430000 0.382500
26 0.465000 0.326250 0.502500 0.326250 0.502500 0.382500 0.465000 0.382500
31 0.500000 0.326250 0.536250 0.326250 0.536250 0.383750 0.500000 0.383750
10 0.533750 0.326250 0.571250 0.326250 0.571250 0.385000 0.533750 0.385000
32 0.570000 0.328750 0.607500 0.328750 0.607500 0.386250 0.570000 0.386250
33 0.611250 0.417500 0.660000 0.417500 0.660000 0.457500 0.611250 0.457500
31 0.611250 0.457500 0.660000 0.457500 0.660000 0.495000 0.611250 0.495000
9 0.611250 0.495000 0.660000 0.495000 0.660000 0.535000 0.611250 0.535000
28 0.612500 0.533750 0.661250 0.533750 0.661250 0.572500 0.612500 0.572500
32 0.612500 0.571250 0.661250 0.571250 0.661250 0.613750 0.612500 0.613750
