27 0.100000 0.048750 0.135000 0.048750 0.135000 0.107500 0.100000 0.107500
27 0.133750 0.048750 0.180000 0.048750 0.180000 0.095000 0.133750 0.095000
27 0.180000 0.048750 0.213750 0.048750 0.213750 0.105000 0.180000 0.105000
13 0.213750 0.048750 0.247500 0.048750 0.247500 0.101250 0.213750 0.101250
11 0.248750 0.048750 0.283750 0.048750 0.283750 0.100000 0.248750 0.100000
12 0.281250 0.050000 0.327500 0.050000 0.327500 0.091250 0.281250 0.091250
0 0.575000 0.261250 0.611250 0.261250 0.611250 0.313750 0.575000 0.313750
30 0.575000 0.313750 0.611250 0.313750 0.611250 0.367500 0.575000 0.367500
21 0.540000 0.312500 0.576250 0.312500 0.576250 0.367500 0.540000 0.367500
32 0.503750 0.311250 0.541250 0.311250 0.541250 0.365000 0.503750 0.365000
18 0.470000 0.312500 0.505000 0.312500 0.505000 0.365000 0.470000 0.365000
4 0.432500 0.312500 0.471250 0.312500 0.471250 0.365000 0.432500 0.365000
1 0.398750 0.311250 0.433750 0.311250 0.433750 0.363750 0.398750 0.363750
0 0.616250 0.371250 0.663750 0.371250 0.663750 0.412500 0.616250 0.412500
21 0.615000 0.411250 0.665000 0.411250 0.665000 0.450000 0.615000 0.450000
10 0.615000 0.450000 0.663750 0.450000 0.663750 0.488750 0.615000 0.488750
31 0.613750 0.488750 0.663750 0.488750 0.663750 0.528750 0.613750 0.528750
3 0.613750 0.526250 0.662500 0.526250 0.662500 0.566250 0.613750 0.566250
3 0.613750 0.566250 0.662500 0.566250 0.662500 0.606250 0.613750 0.606250
31 0.530000 0.617500 0.566250 0.617500 0.566250 0.668750 0.530000 0.668750
2 0.496250 0.615000 0.531250 0.615000 0.531250 0.670000 0.496250 0.670000
20 0.461250 0.615000 0.497500 0.615000 0.497500 0.670000 0.461250 0.670000
1 0.426250 0.615000 0.461250 0.615000 0.461250 0.670000 0.426250 0.670000
28 0.391250 0.615000 0.426250 0.615000 0.426250 0.668750 0.391250 0.668750
7 0.335000 0.562500 0.382500 0.562500 0.382500 0.605000 0.335000 0.605000
6 0.336250 0.523750 0.385000 0.523750 0.385000 0.563750 0.336250 0.563750
10 0.337500 0.483750 0.382500 0.483750 0.382500 0.523750 0.337500 0.523750
19 0.338750 0.445000 0.385000 0.445000 0.385000 0.483750 0.338750 0.483750
18 0.338750 0.405000 0.387500 0.405000 0.387500 0.442500 0.338750 0.442500
17 0.338750 0.367500 0.386250 0.367500 0.386250 0.405000 0.338750 0.405000
27 0.293750 0.367500 0.338750 0.367500 0.338750 0.408750 0.293750 0.408750
4 0.132500 0.910000 0.188750 0.910000 0.188750 0.996250 0.132500 0.996250
4 0.178750 0.908750 0.236250 0.908750 0.236250 0.996250 0.178750 0.996250
4 0.228750 0.910000 0.277500 0.910000 0.277500 0.995000 0.228750 0.995000
11 0.273750 0.910000 0.325000 0.910000 0.325000 0.995000 0.273750 0.995000
12 0.320000 0.911250 0.370000 0.911250 0.370000 0.996250 0.320000 0.996250
13 0.366250 0.911250 0.415000 0.911250 0.415000 0.996250 0.366250 0.996250
13 0.413750 0.908750 0.461250 0.908750 0.461250 0.996250 0.413750 0.996250
15 0.460000 0.908750 0.506250 0.908750 0.506250 0.997500 0.460000 0.997500
22 0.506250 0.907500 0.553750 0.907500 0.553750 0.997500 0.506250 0.997500
22 0.552500 0.906250 0.600000 0.906250 0.600000 0.997500 0.552500 0.997500
15 0.912500 0.262500 0.948750 0.262500 0.948750 0.320000 0.912500 0.320000
16 0.902500 0.223750 0.950000 0.223750 0.950000 0.263750 0.902500 0.263750
17 0.903750 0.185000 0.947500 0.185000 0.947500 0.222500 0.903750 0.222500
8 0.903750 0.058750 0.948750 0.058750 0.948750 0.097500 0.903750 0.097500
7 0.903750 0.097500 0.950000 0.097500 0.950000 0.137500 0.903750 0.137500
6 0.915000 0.135000 0.948750 0.135000 0.948750 0.185000 0.915000 0.185000
33 0.796250 0.918750 0.832500 0.918750 0.832500 0.970000 0.796250 0.970000
33 0.831250 0.930000 0.877500 0.930000 0.877500 0.967500 0.831250 0.967500
33 0.877500 0.918750 0.912500 0.918750 0.912500 0.968750 0.877500 0.968750
