4 0.086250 0.050000 0.120000 0.050000 0.120000 0.100000 0.086250 0.100000
2 0.120000 0.048750 0.156250 0.048750 0.156250 0.105000 0.120000 0.105000
3 0.153750 0.048750 0.202500 0.048750 0.202500 0.093750 0.153750 0.093750
18 0.393750 0.313750 0.430000 0.313750 0.430000 0.370000 0.393750 0.370000
33 0.426250 0.313750 0.463750 0.313750 0.463750 0.372500 0.426250 0.372500
32 0.461250 0.313750 0.500000 0.313750 0.500000 0.370000 0.461250 0.370000
27 0.497500 0.313750 0.533750 0.313750 0.533750 0.371250 0.497500 0.371250
2 0.532500 0.312500 0.570000 0.312500 0.570000 0.371250 0.532500 0.371250
30 0.568750 0.311250 0.605000 0.311250 0.605000 0.372500 0.568750 0.372500
19 0.567500 0.262500 0.605000 0.262500 0.605000 0.311250 0.567500 0.311250
8 0.532500 0.262500 0.570000 0.262500 0.570000 0.310000 0.532500 0.310000
28 0.612500 0.371250 0.660000 0.371250 0.660000 0.411250 0.612500 0.411250
33 0.615000 0.408750 0.661250 0.408750 0.661250 0.450000 0.615000 0.450000
32 0.612500 0.448750 0.661250 0.448750 0.661250 0.487500 0.612500 0.487500
18 0.613750 0.488750 0.660000 0.488750 0.660000 0.527500 0.613750 0.527500
28 0.612500 0.527500 0.661250 0.527500 0.661250 0.567500 0.612500 0.567500
33 0.660000 0.527500 0.707500 0.527500 0.707500 0.567500 0.660000 0.567500
0 0.662500 0.567500 0.708750 0.567500 0.708750 0.608750 0.662500 0.608750
18 0.612500 0.567500 0.662500 0.567500 0.662500 0.606250 0.612500 0.606250
1 0.567500 0.616250 0.603750 0.616250 0.603750 0.671250 0.567500 0.671250
12 0.531250 0.615000 0.567500 0.615000 0.567500 0.666250 0.531250 0.666250
19 0.495000 0.617500 0.533750 0.617500 0.533750 0.670000 0.495000 0.670000
27 0.461250 0.618750 0.496250 0.618750 0.496250 0.668750 0.461250 0.668750
9 0.425000 0.616250 0.460000 0.616250 0.460000 0.668750 0.425000 0.668750
30 0.390000 0.617500 0.426250 0.617500 0.426250 0.670000 0.390000 0.670000
31 0.390000 0.670000 0.427500 0.670000 0.427500 0.726250 0.390000 0.726250
4 0.425000 0.670000 0.461250 0.670000 0.461250 0.726250 0.425000 0.726250
0 0.461250 0.670000 0.496250 0.670000 0.496250 0.723750 0.461250 0.723750
25 0.497500 0.668750 0.532500 0.668750 0.532500 0.726250 0.497500 0.726250
33 0.333750 0.367500 0.382500 0.367500 0.382500 0.408750 0.333750 0.408750
28 0.333750 0.407500 0.382500 0.407500 0.382500 0.446250 0.333750 0.446250
25 0.332500 0.446250 0.382500 0.446250 0.382500 0.486250 0.332500 0.486250
29 0.333750 0.485000 0.382500 0.485000 0.382500 0.527500 0.333750 0.527500
30 0.333750 0.523750 0.383750 0.523750 0.383750 0.563750 0.333750 0.563750
7 0.332500 0.565000 0.382500 0.565000 0.382500 0.602500 0.332500 0.602500
9 0.286250 0.367500 0.332500 0.367500 0.332500 0.407500 0.286250 0.407500
5 0.286250 0.407500 0.332500 0.407500 0.332500 0.445000 0.286250 0.445000
18 0.286250 0.447500 0.333750 0.447500 0.333750 0.486250 0.286250 0.486250
24 0.700000 0.876250 0.748750 0.876250 0.748750 0.967500 0.700000 0.967500
23 0.648750 0.911250 0.696250 0.911250 0.696250 0.995000 0.648750 0.995000
22 0.602500 0.908750 0.647500 0.908750 0.647500 0.997500 0.602500 0.997500
22 0.556250 0.908750 0.602500 0.908750 0.602500 0.995000 0.556250 0.995000
21 0.508750 0.910000 0.556250 0.910000 0.556250 0.996250 0.508750 0.996250
16 0.463750 0.910000 0.510000 0.910000 0.510000 0.996250 0.463750 0.996250
16 0.416250 0.908750 0.466250 0.908750 0.466250 0.996250 0.416250 0.996250
15 0.370000 0.911250 0.420000 0.911250 0.420000 0.997500 0.370000 0.997500
14 0.322500 0.911250 0.376250 0.911250 0.376250 0.997500 0.322500 0.997500
13 0.275000 0.911250 0.328750 0.911250 0.328750 0.997500 0.275000 0.997500
6 0.235000 0.911250 0.282500 0.911250 0.282500 0.997500 0.235000 0.997500
5 0.188750 0.912500 0.230000 0.912500 0.230000 0.996250 0.188750 0.996250
4 0.136250 0.912500 0.193750 0.912500 0.193750 0.996250 0.136250 0.996250
24 0.056250 0.792500 0.092500 0.792500 0.092500 0.842500 0.056250 0.842500
25 0.055000 0.845000 0.102500 0.845000 0.102500 0.881250 0.055000 0.881250
26 0.055000 0.881250 0.105000 0.881250 0.105000 0.921250 0.055000 0.921250
