0 0.428750 0.258750 0.465000 0.258750 0.465000 0.313750 0.428750 0.313750
11 0.462500 0.258750 0.498750 0.258750 0.498750 0.312500 0.462500 0.312500
17 0.498750 0.260000 0.535000 0.260000 0.535000 0.313750 0.498750 0.313750
3 0.535000 0.260000 0.570000 0.260000 0.570000 0.313750 0.535000 0.313750
24 0.576250 0.261250 0.610000 0.261250 0.610000 0.312500 0.576250 0.312500
29 0.570000 0.311250 0.605000 0.311250 0.605000 0.370000 0.570000 0.370000
28 0.533750 0.311250 0.570000 0.311250 0.570000 0.368750 0.533750 0.368750
27 0.497500 0.312500 0.533750 0.312500 0.533750 0.368750 0.497500 0.368750
15 0.462500 0.312500 0.498750 0.312500 0.498750 0.368750 0.462500 0.368750
7 0.426250 0.312500 0.463750 0.312500 0.463750 0.371250 0.426250 0.371250
19 0.391250 0.313750 0.428750 0.313750 0.428750 0.371250 0.391250 0.371250
13 0.613750 0.371250 0.660000 0.371250 0.660000 0.411250 0.613750 0.411250
13 0.612500 0.410000 0.660000 0.410000 0.660000 0.450000 0.612500 0.450000
27 0.612500 0.450000 0.661250 0.450000 0.661250 0.490000 0.612500 0.490000
31 0.612500 0.487500 0.660000 0.487500 0.660000 0.530000 0.612500 0.530000
29 0.612500 0.527500 0.661250 0.527500 0.661250 0.568750 0.612500 0.568750
30 0.612500 0.567500 0.661250 0.567500 0.661250 0.607500 0.612500 0.607500
0 0.660000 0.567500 0.708750 0.567500 0.708750 0.608750 0.660000 0.608750
19 0.660000 0.526250 0.708750 0.526250 0.708750 0.566250 0.660000 0.566250
20 0.660000 0.487500 0.708750 0.487500 0.708750 0.526250 0.660000 0.526250
26 0.658750 0.447500 0.708750 0.447500 0.708750 0.487500 0.658750 0.487500
18 0.658750 0.410000 0.707500 0.410000 0.707500 0.447500 0.658750 0.447500
27 0.657500 0.368750 0.707500 0.368750 0.707500 0.408750 0.657500 0.408750
22 0.708750 0.567500 0.758750 0.567500 0.758750 0.607500 0.708750 0.607500
2 0.136250 0.911250 0.192500 0.911250 0.192500 0.997500 0.136250 0.997500
4 0.182500 0.911250 0.237500 0.911250 0.237500 0.997500 0.182500 0.997500
5 0.231250 0.911250 0.283750 0.911250 0.283750 0.997500 0.231250 0.997500
5 0.277500 0.910000 0.328750 0.910000 0.328750 0.997500 0.277500 0.997500
6 0.323750 0.910000 0.376250 0.910000 0.376250 0.997500 0.323750 0.997500
16 0.370000 0.908750 0.420000 0.908750 0.420000 0.997500 0.370000 0.997500
20 0.416250 0.910000 0.465000 0.910000 0.465000 0.997500 0.416250 0.997500
25 0.463750 0.908750 0.511250 0.908750 0.511250 0.997500 0.463750 0.997500
14 0.683750 0.918750 0.721250 0.918750 0.721250 0.970000 0.683750 0.970000
14 0.720000 0.930000 0.768750 0.930000 0.768750 0.970000 0.720000 0.970000
14 0.767500 0.917500 0.802500 0.917500 0.802500 0.970000 0.767500 0.970000
1 0.801250 0.918750 0.838750 0.918750 0.838750 0.971250 0.801250 0.971250
1 0.836250 0.928750 0.885000 0.928750 0.885000 0.971250 0.836250 0.971250
1 0.881250 0.918750 0.918750 0.918750 0.918750 0.973750 0.881250 0.973750
32 0.390000 0.616250 0.426250 0.616250 0.426250 0.668750 0.390000 0.668750
30 0.423750 0.616250 0.462500 0.616250 0.462500 0.670000 0.423750 0.670000
30 0.458750 0.616250 0.496250 0.616250 0.496250 0.668750 0.458750 0.668750
29 0.495000 0.617500 0.531250 0.617500 0.531250 0.667500 0.495000 0.667500
8 0.528750 0.617500 0.568750 0.617500 0.568750 0.667500 0.528750 0.667500
21 0.566250 0.617500 0.603750 0.617500 0.603750 0.667500 0.566250 0.667500
9 0.390000 0.667500 0.427500 0.667500 0.427500 0.721250 0.390000 0.721250
0 0.426250 0.667500 0.461250 0.667500 0.461250 0.722500 0.426250 0.722500
25 0.460000 0.668750 0.497500 0.668750 0.497500 0.725000 0.460000 0.725000
17 0.495000 0.668750 0.531250 0.668750 0.531250 0.723750 0.495000 0.723750
10 0.530000 0.667500 0.566250 0.667500 0.566250 0.725000 0.530000 0.725000
28 0.565000 0.667500 0.601250 0.667500 0.601250 0.723750 0.565000 0.723750
33 0.391250 0.721250 0.426250 0.721250 0.426250 0.776250 0.391250 0.776250
18 0.333750 0.368750 0.382500 0.368750 0.382500 0.407500 0.333750 0.407500
8 0.331250 0.407500 0.381250 0.407500 0.381250 0.448750 0.331250 0.448750
2 0.332500 0.446250 0.381250 0.446250 0.381250 0.487500 0.332500 0.487500
3 0.335000 0.486250 0.381250 0.486250 0.381250 0.526250 0.335000 0.526250
26 0.332500 0.527500 0.382500 0.527500 0.382500 0.566250 0.332500 0.566250
16 0.331250 0.565000 0.380000 0.565000 0.380000 0.603750 0.331250 0.603750
25 0.286250 0.525000 0.333750 0.525000 0.333750 0.566250 0.286250 0.566250
13 0.287500 0.483750 0.333750 0.483750 0.333750 0.522500 0.287500 0.522500
10 0.285000 0.445000 0.332500 0.445000 0.332500 0.483750 0.285000 0.483750
15 0.286250 0.407500 0.332500 0.407500 0.332500 0.445000 0.286250 0.445000
11 0.287500 0.368750 0.332500 0.368750 0.332500 0.406250 0.287500 0.406250
