2 0.130000 0.906250 0.191250 0.906250 0.191250 0.985000 0.130000 0.985000
2 0.178750 0.903750 0.236250 0.903750 0.236250 0.986250 0.178750 0.986250
2 0.228750 0.905000 0.278750 0.905000 0.278750 0.986250 0.228750 0.986250
3 0.275000 0.903750 0.325000 0.903750 0.325000 0.986250 0.275000 0.986250
3 0.321250 0.903750 0.372500 0.903750 0.372500 0.986250 0.321250 0.986250
18 0.368750 0.902500 0.420000 0.902500 0.420000 0.986250 0.368750 0.986250
18 0.416250 0.901250 0.465000 0.901250 0.465000 0.987500 0.416250 0.987500
19 0.462500 0.901250 0.511250 0.901250 0.511250 0.986250 0.462500 0.986250
20 0.510000 0.901250 0.558750 0.901250 0.558750 0.985000 0.510000 0.985000
20 0.557500 0.900000 0.602500 0.900000 0.602500 0.986250 0.557500 0.986250
22 0.602500 0.898750 0.651250 0.898750 0.651250 0.986250 0.602500 0.986250
23 0.650000 0.897500 0.697500 0.897500 0.697500 0.986250 0.650000 0.986250
23 0.697500 0.896250 0.747500 0.896250 0.747500 0.986250 0.697500 0.986250
29 0.390000 0.618750 0.428750 0.618750 0.428750 0.670000 0.390000 0.670000
31 0.426250 0.620000 0.463750 0.620000 0.463750 0.671250 0.426250 0.671250
27 0.460000 0.617500 0.497500 0.617500 0.497500 0.672500 0.460000 0.672500
33 0.497500 0.617500 0.532500 0.617500 0.532500 0.670000 0.497500 0.670000
6 0.531250 0.618750 0.570000 0.618750 0.570000 0.671250 0.531250 0.671250
6 0.566250 0.621250 0.603750 0.621250 0.603750 0.673750 0.566250 0.673750
0 0.391250 0.670000 0.428750 0.670000 0.428750 0.723750 0.391250 0.723750
13 0.426250 0.670000 0.462500 0.670000 0.462500 0.723750 0.426250 0.723750
32 0.462500 0.671250 0.497500 0.671250 0.497500 0.725000 0.462500 0.725000
11 0.497500 0.670000 0.533750 0.670000 0.533750 0.726250 0.497500 0.726250
9 0.532500 0.668750 0.566250 0.668750 0.566250 0.726250 0.532500 0.726250
29 0.613750 0.570000 0.662500 0.570000 0.662500 0.613750 0.613750 0.613750
33 0.613750 0.531250 0.665000 0.531250 0.665000 0.573750 0.613750 0.573750
17 0.612500 0.495000 0.662500 0.495000 0.662500 0.535000 0.612500 0.535000
0 0.613750 0.456250 0.662500 0.456250 0.662500 0.496250 0.613750 0.496250
1 0.612500 0.420000 0.662500 0.420000 0.662500 0.460000 0.612500 0.460000
1 0.613750 0.381250 0.660000 0.381250 0.660000 0.421250 0.613750 0.421250
11 0.661250 0.571250 0.711250 0.571250 0.711250 0.613750 0.661250 0.613750
9 0.660000 0.532500 0.711250 0.532500 0.711250 0.571250 0.660000 0.571250
17 0.658750 0.493750 0.711250 0.493750 0.711250 0.532500 0.658750 0.532500
3 0.660000 0.456250 0.708750 0.456250 0.708750 0.495000 0.660000 0.495000
5 0.661250 0.417500 0.712500 0.417500 0.712500 0.456250 0.661250 0.456250
31 0.336250 0.570000 0.382500 0.570000 0.382500 0.613750 0.336250 0.613750
27 0.335000 0.532500 0.383750 0.532500 0.383750 0.572500 0.335000 0.572500
15 0.336250 0.492500 0.385000 0.492500 0.385000 0.535000 0.336250 0.535000
12 0.333750 0.456250 0.383750 0.456250 0.383750 0.493750 0.333750 0.493750
12 0.336250 0.417500 0.385000 0.417500 0.385000 0.455000 0.336250 0.455000
31 0.335000 0.380000 0.383750 0.380000 0.383750 0.418750 0.335000 0.418750
28 0.290000 0.382500 0.337500 0.382500 0.337500 0.418750 0.290000 0.418750
8 0.290000 0.416250 0.336250 0.416250 0.336250 0.456250 0.290000 0.456250
16 0.288750 0.456250 0.336250 0.456250 0.336250 0.495000 0.288750 0.495000
16 0.287500 0.492500 0.337500 0.492500 0.337500 0.533750 0.287500 0.533750
28 0.571250 0.326250 0.606250 0.326250 0.606250 0.383750 0.571250 0.383750
28 0.570000 0.276250 0.607500 0.276250 0.607500 0.330000 0.570000 0.330000
10 0.535000 0.277500 0.572500 0.277500 0.572500 0.328750 0.535000 0.328750
33 0.536250 0.327500 0.573750 0.327500 0.573750 0.385000 0.536250 0.385000
32 0.502500 0.326250 0.536250 0.326250 0.536250 0.386250 0.502500 0.386250
29 0.465000 0.328750 0.502500 0.328750 0.502500 0.383750 0.465000 0.383750
9 0.428750 0.327500 0.466250 0.327500 0.466250 0.383750 0.428750 0.383750
14 0.393750 0.327500 0.431250 0.327500 0.431250 0.383750 0.393750 0.383750
8 0.502500 0.277500 0.537500 0.277500 0.537500 0.328750 0.502500 0.328750
4 0.463750 0.276250 0.502500 0.276250 0.502500 0.325000 0.463750 0.325000
