33 0.401250 0.368750 0.436250 0.368750 0.436250 0.420000 0.401250 0.420000
8 0.435000 0.368750 0.471250 0.368750 0.471250 0.421250 0.435000 0.421250
12 0.470000 0.370000 0.506250 0.370000 0.506250 0.422500 0.470000 0.422500
18 0.506250 0.370000 0.541250 0.370000 0.541250 0.421250 0.506250 0.421250
31 0.541250 0.370000 0.575000 0.370000 0.575000 0.420000 0.541250 0.420000
30 0.575000 0.371250 0.610000 0.371250 0.610000 0.421250 0.575000 0.421250
21 0.575000 0.325000 0.611250 0.325000 0.611250 0.371250 0.575000 0.371250
26 0.541250 0.326250 0.576250 0.326250 0.576250 0.371250 0.541250 0.371250
9 0.505000 0.325000 0.541250 0.325000 0.541250 0.370000 0.505000 0.370000
29 0.471250 0.323750 0.505000 0.323750 0.505000 0.370000 0.471250 0.370000
30 0.340000 0.415000 0.386250 0.415000 0.386250 0.450000 0.340000 0.450000
27 0.341250 0.450000 0.388750 0.450000 0.388750 0.483750 0.341250 0.483750
29 0.341250 0.482500 0.387500 0.482500 0.387500 0.517500 0.341250 0.517500
32 0.341250 0.516250 0.387500 0.516250 0.387500 0.550000 0.341250 0.550000
31 0.341250 0.550000 0.388750 0.550000 0.388750 0.585000 0.341250 0.585000
7 0.340000 0.582500 0.388750 0.582500 0.388750 0.621250 0.340000 0.621250
2 0.292500 0.516250 0.338750 0.516250 0.338750 0.550000 0.292500 0.550000
7 0.291250 0.481250 0.338750 0.481250 0.338750 0.513750 0.291250 0.513750
25 0.291250 0.447500 0.340000 0.447500 0.340000 0.482500 0.291250 0.482500
0 0.293750 0.415000 0.340000 0.415000 0.340000 0.447500 0.293750 0.447500
3 0.618750 0.421250 0.665000 0.421250 0.665000 0.453750 0.618750 0.453750
25 0.617500 0.453750 0.665000 0.453750 0.665000 0.485000 0.617500 0.485000
17 0.617500 0.486250 0.665000 0.486250 0.665000 0.521250 0.617500 0.521250
19 0.617500 0.520000 0.665000 0.520000 0.665000 0.552500 0.617500 0.552500
24 0.618750 0.551250 0.665000 0.551250 0.665000 0.586250 0.618750 0.586250
18 0.617500 0.585000 0.665000 0.585000 0.665000 0.620000 0.617500 0.620000
3 0.665000 0.586250 0.712500 0.586250 0.712500 0.620000 0.665000 0.620000
6 0.663750 0.552500 0.711250 0.552500 0.711250 0.585000 0.663750 0.585000
8 0.663750 0.521250 0.710000 0.521250 0.710000 0.552500 0.663750 0.552500
5 0.663750 0.487500 0.711250 0.487500 0.711250 0.521250 0.663750 0.521250
31 0.396250 0.625000 0.432500 0.625000 0.432500 0.670000 0.396250 0.670000
13 0.430000 0.626250 0.467500 0.626250 0.467500 0.671250 0.430000 0.671250
24 0.466250 0.625000 0.502500 0.625000 0.502500 0.671250 0.466250 0.671250
22 0.501250 0.627500 0.537500 0.627500 0.537500 0.673750 0.501250 0.673750
29 0.536250 0.626250 0.572500 0.626250 0.572500 0.672500 0.536250 0.672500
33 0.571250 0.627500 0.607500 0.627500 0.607500 0.675000 0.571250 0.675000
6 0.466250 0.671250 0.501250 0.671250 0.501250 0.718750 0.466250 0.718750
8 0.431250 0.670000 0.467500 0.670000 0.467500 0.716250 0.431250 0.716250
10 0.396250 0.670000 0.432500 0.670000 0.432500 0.717500 0.396250 0.717500
4 0.135000 0.881250 0.191250 0.881250 0.191250 0.953750 0.135000 0.953750
4 0.182500 0.880000 0.236250 0.880000 0.236250 0.953750 0.182500 0.953750
9 0.231250 0.881250 0.283750 0.881250 0.283750 0.953750 0.231250 0.953750
10 0.278750 0.881250 0.331250 0.881250 0.331250 0.953750 0.278750 0.953750
14 0.326250 0.881250 0.376250 0.881250 0.376250 0.953750 0.326250 0.953750
15 0.373750 0.880000 0.422500 0.880000 0.422500 0.953750 0.373750 0.953750
16 0.420000 0.880000 0.468750 0.880000 0.468750 0.955000 0.420000 0.955000
18 0.467500 0.880000 0.515000 0.880000 0.515000 0.955000 0.467500 0.955000
19 0.513750 0.880000 0.561250 0.880000 0.561250 0.953750 0.513750 0.953750
19 0.560000 0.878750 0.607500 0.878750 0.607500 0.953750 0.560000 0.953750
20 0.607500 0.878750 0.652500 0.878750 0.652500 0.953750 0.607500 0.953750
24 0.652500 0.878750 0.698750 0.878750 0.698750 0.953750 0.652500 0.953750
25 0.697500 0.878750 0.748750 0.878750 0.748750 0.953750 0.697500 0.953750
1 0.758750 0.877500 0.806250 0.877500 0.806250 0.953750 0.758750 0.953750
