27 0.901250 0.060000 0.950000 0.060000 0.950000 0.100000 0.901250 0.100000
27 0.911250 0.098750 0.948750 0.098750 0.948750 0.150000 0.911250 0.150000
27 0.902500 0.148750 0.947500 0.148750 0.947500 0.188750 0.902500 0.188750
13 0.902500 0.187500 0.947500 0.187500 0.947500 0.227500 0.902500 0.227500
11 0.902500 0.227500 0.947500 0.227500 0.947500 0.266250 0.902500 0.266250
12 0.910000 0.265000 0.947500 0.265000 0.947500 0.311250 0.910000 0.311250
27 0.572500 0.263750 0.607500 0.263750 0.607500 0.318750 0.572500 0.318750
20 0.537500 0.262500 0.571250 0.262500 0.571250 0.316250 0.537500 0.316250
17 0.571250 0.317500 0.606250 0.317500 0.606250 0.370000 0.571250 0.370000
18 0.535000 0.316250 0.571250 0.316250 0.571250 0.370000 0.535000 0.370000
19 0.498750 0.316250 0.536250 0.316250 0.536250 0.370000 0.498750 0.370000
10 0.465000 0.317500 0.500000 0.317500 0.500000 0.370000 0.465000 0.370000
6 0.430000 0.316250 0.465000 0.316250 0.465000 0.371250 0.430000 0.371250
7 0.395000 0.316250 0.431250 0.316250 0.431250 0.371250 0.395000 0.371250
1 0.613750 0.371250 0.662500 0.371250 0.662500 0.411250 0.613750 0.411250
4 0.615000 0.408750 0.660000 0.408750 0.660000 0.451250 0.615000 0.451250
18 0.612500 0.451250 0.660000 0.451250 0.660000 0.491250 0.612500 0.491250
32 0.612500 0.490000 0.660000 0.490000 0.660000 0.530000 0.612500 0.530000
21 0.611250 0.528750 0.660000 0.528750 0.660000 0.570000 0.611250 0.570000
31 0.657500 0.530000 0.707500 0.530000 0.707500 0.571250 0.657500 0.571250
0 0.660000 0.568750 0.707500 0.568750 0.707500 0.611250 0.660000 0.611250
30 0.610000 0.570000 0.660000 0.570000 0.660000 0.610000 0.610000 0.610000
0 0.563750 0.620000 0.600000 0.620000 0.600000 0.673750 0.563750 0.673750
21 0.530000 0.620000 0.566250 0.620000 0.566250 0.673750 0.530000 0.673750
10 0.492500 0.618750 0.530000 0.618750 0.530000 0.675000 0.492500 0.675000
31 0.458750 0.621250 0.495000 0.621250 0.495000 0.673750 0.458750 0.673750
3 0.423750 0.621250 0.460000 0.621250 0.460000 0.675000 0.423750 0.675000
3 0.390000 0.620000 0.425000 0.620000 0.425000 0.673750 0.390000 0.673750
7 0.388750 0.672500 0.425000 0.672500 0.425000 0.725000 0.388750 0.725000
28 0.335000 0.371250 0.381250 0.371250 0.381250 0.411250 0.335000 0.411250
1 0.333750 0.410000 0.381250 0.410000 0.381250 0.451250 0.333750 0.451250
2 0.333750 0.490000 0.380000 0.490000 0.380000 0.528750 0.333750 0.528750
20 0.335000 0.448750 0.381250 0.448750 0.381250 0.490000 0.335000 0.490000
31 0.335000 0.530000 0.381250 0.530000 0.381250 0.570000 0.335000 0.570000
26 0.333750 0.568750 0.378750 0.568750 0.378750 0.605000 0.333750 0.605000
33 0.056250 0.795000 0.102500 0.795000 0.102500 0.833750 0.056250 0.833750
33 0.055000 0.832500 0.092500 0.832500 0.092500 0.882500 0.055000 0.882500
33 0.055000 0.883750 0.103750 0.883750 0.103750 0.922500 0.055000 0.922500
9 0.131250 0.910000 0.186250 0.910000 0.186250 0.997500 0.131250 0.997500
9 0.183750 0.910000 0.236250 0.910000 0.236250 0.997500 0.183750 0.997500
9 0.230000 0.908750 0.282500 0.908750 0.282500 0.996250 0.230000 0.996250
18 0.277500 0.912500 0.327500 0.912500 0.327500 0.996250 0.277500 0.996250
20 0.323750 0.913750 0.372500 0.913750 0.372500 0.997500 0.323750 0.997500
25 0.367500 0.913750 0.418750 0.913750 0.418750 0.996250 0.367500 0.996250
26 0.415000 0.915000 0.461250 0.915000 0.461250 0.996250 0.415000 0.996250
1 0.475000 0.912500 0.523750 0.912500 0.523750 0.997500 0.475000 0.997500
15 0.681250 0.931250 0.727500 0.931250 0.727500 0.968750 0.681250 0.968750
16 0.727500 0.920000 0.761250 0.920000 0.761250 0.970000 0.727500 0.970000
17 0.762500 0.920000 0.797500 0.920000 0.797500 0.968750 0.762500 0.968750
6 0.797500 0.931250 0.842500 0.931250 0.842500 0.970000 0.797500 0.970000
7 0.842500 0.920000 0.877500 0.920000 0.877500 0.971250 0.842500 0.971250
8 0.877500 0.918750 0.912500 0.918750 0.912500 0.971250 0.877500 0.971250
