9 0.336250 0.570000 0.383750 0.570000 0.383750 0.617500 0.336250 0.617500
0 0.335000 0.528750 0.383750 0.528750 0.383750 0.571250 0.335000 0.571250
28 0.335000 0.490000 0.383750 0.490000 0.383750 0.530000 0.335000 0.530000
33 0.335000 0.450000 0.383750 0.450000 0.383750 0.491250 0.335000 0.491250
29 0.335000 0.411250 0.382500 0.411250 0.382500 0.451250 0.335000 0.451250
29 0.335000 0.372500 0.383750 0.372500 0.383750 0.412500 0.335000 0.412500
26 0.288750 0.371250 0.335000 0.371250 0.335000 0.412500 0.288750 0.412500
32 0.286250 0.412500 0.333750 0.412500 0.333750 0.453750 0.286250 0.453750
17 0.392500 0.620000 0.428750 0.620000 0.428750 0.671250 0.392500 0.671250
18 0.427500 0.620000 0.463750 0.620000 0.463750 0.671250 0.427500 0.671250
29 0.463750 0.620000 0.498750 0.620000 0.498750 0.672500 0.463750 0.672500
5 0.498750 0.620000 0.532500 0.620000 0.532500 0.671250 0.498750 0.671250
19 0.532500 0.620000 0.568750 0.620000 0.568750 0.672500 0.532500 0.672500
28 0.567500 0.618750 0.603750 0.618750 0.603750 0.672500 0.567500 0.672500
16 0.462500 0.672500 0.500000 0.672500 0.500000 0.727500 0.462500 0.727500
10 0.426250 0.671250 0.463750 0.671250 0.463750 0.727500 0.426250 0.727500
21 0.392500 0.671250 0.426250 0.671250 0.426250 0.726250 0.392500 0.726250
3 0.137500 0.913750 0.196250 0.913750 0.196250 0.996250 0.137500 0.996250
3 0.186250 0.912500 0.243750 0.912500 0.243750 0.996250 0.186250 0.996250
6 0.233750 0.912500 0.286250 0.912500 0.286250 0.996250 0.233750 0.996250
6 0.281250 0.912500 0.332500 0.912500 0.332500 0.996250 0.281250 0.996250
7 0.325000 0.912500 0.378750 0.912500 0.378750 0.996250 0.325000 0.996250
7 0.372500 0.911250 0.423750 0.911250 0.423750 0.997500 0.372500 0.997500
8 0.418750 0.911250 0.468750 0.911250 0.468750 0.997500 0.418750 0.997500
8 0.466250 0.910000 0.515000 0.910000 0.515000 0.997500 0.466250 0.997500
10 0.512500 0.910000 0.558750 0.910000 0.558750 0.996250 0.512500 0.996250
12 0.560000 0.910000 0.606250 0.910000 0.606250 0.996250 0.560000 0.996250
23 0.606250 0.910000 0.651250 0.910000 0.651250 0.996250 0.606250 0.996250
24 0.650000 0.907500 0.695000 0.907500 0.695000 0.997500 0.650000 0.997500
25 0.695000 0.907500 0.742500 0.907500 0.742500 0.996250 0.695000 0.996250
27 0.615000 0.568750 0.663750 0.568750 0.663750 0.615000 0.615000 0.615000
31 0.615000 0.530000 0.663750 0.530000 0.663750 0.570000 0.615000 0.570000
19 0.661250 0.568750 0.711250 0.568750 0.711250 0.613750 0.661250 0.613750
29 0.660000 0.528750 0.711250 0.528750 0.711250 0.570000 0.660000 0.570000
18 0.613750 0.492500 0.661250 0.492500 0.661250 0.530000 0.613750 0.530000
25 0.613750 0.452500 0.662500 0.452500 0.662500 0.493750 0.613750 0.493750
28 0.612500 0.415000 0.661250 0.415000 0.661250 0.455000 0.612500 0.455000
17 0.612500 0.376250 0.662500 0.376250 0.662500 0.415000 0.612500 0.415000
8 0.570000 0.315000 0.606250 0.315000 0.606250 0.372500 0.570000 0.372500
0 0.535000 0.316250 0.571250 0.316250 0.571250 0.373750 0.535000 0.373750
30 0.500000 0.317500 0.536250 0.317500 0.536250 0.373750 0.500000 0.373750
31 0.466250 0.318750 0.501250 0.318750 0.501250 0.377500 0.466250 0.377500
32 0.427500 0.317500 0.467500 0.317500 0.467500 0.375000 0.427500 0.375000
18 0.392500 0.316250 0.430000 0.316250 0.430000 0.377500 0.392500 0.377500
0 0.568750 0.265000 0.607500 0.265000 0.607500 0.316250 0.568750 0.316250
27 0.536250 0.263750 0.571250 0.263750 0.571250 0.315000 0.536250 0.315000
