8 0.055000 0.661250 0.105000 0.661250 0.105000 0.702500 0.055000 0.702500
8 0.055000 0.700000 0.106250 0.700000 0.106250 0.738750 0.055000 0.738750
8 0.053750 0.738750 0.096250 0.738750 0.096250 0.788750 0.053750 0.788750
31 0.055000 0.786250 0.105000 0.786250 0.105000 0.827500 0.055000 0.827500
31 0.053750 0.825000 0.093750 0.825000 0.093750 0.875000 0.053750 0.875000
31 0.053750 0.873750 0.106250 0.873750 0.106250 0.915000 0.053750 0.915000
2 0.131250 0.903750 0.188750 0.903750 0.188750 0.987500 0.131250 0.987500
2 0.177500 0.903750 0.233750 0.903750 0.233750 0.986250 0.177500 0.986250
3 0.226250 0.905000 0.281250 0.905000 0.281250 0.986250 0.226250 0.986250
5 0.272500 0.905000 0.327500 0.905000 0.327500 0.987500 0.272500 0.987500
6 0.320000 0.903750 0.373750 0.903750 0.373750 0.986250 0.320000 0.986250
7 0.370000 0.901250 0.417500 0.901250 0.417500 0.986250 0.370000 0.986250
10 0.415000 0.901250 0.465000 0.901250 0.465000 0.986250 0.415000 0.986250
11 0.462500 0.900000 0.511250 0.900000 0.511250 0.987500 0.462500 0.987500
18 0.508750 0.898750 0.556250 0.898750 0.556250 0.987500 0.508750 0.987500
19 0.555000 0.900000 0.602500 0.900000 0.602500 0.986250 0.555000 0.986250
20 0.602500 0.901250 0.650000 0.901250 0.650000 0.986250 0.602500 0.986250
21 0.650000 0.898750 0.697500 0.898750 0.697500 0.983750 0.650000 0.983750
22 0.697500 0.898750 0.747500 0.898750 0.747500 0.985000 0.697500 0.985000
0 0.391250 0.617500 0.427500 0.617500 0.427500 0.677500 0.391250 0.677500
15 0.427500 0.618750 0.462500 0.618750 0.462500 0.677500 0.427500 0.677500
11 0.461250 0.617500 0.498750 0.617500 0.498750 0.677500 0.461250 0.677500
8 0.497500 0.618750 0.533750 0.618750 0.533750 0.678750 0.497500 0.678750
29 0.532500 0.617500 0.571250 0.617500 0.571250 0.678750 0.532500 0.678750
27 0.613750 0.572500 0.662500 0.572500 0.662500 0.613750 0.613750 0.613750
32 0.612500 0.533750 0.665000 0.533750 0.665000 0.575000 0.612500 0.575000
28 0.613750 0.497500 0.663750 0.497500 0.663750 0.535000 0.613750 0.535000
2 0.613750 0.458750 0.663750 0.458750 0.663750 0.496250 0.613750 0.496250
27 0.335000 0.568750 0.383750 0.568750 0.383750 0.612500 0.335000 0.612500
33 0.333750 0.532500 0.385000 0.532500 0.385000 0.570000 0.333750 0.570000
32 0.333750 0.493750 0.383750 0.493750 0.383750 0.532500 0.333750 0.532500
18 0.332500 0.456250 0.387500 0.456250 0.387500 0.495000 0.332500 0.495000
30 0.332500 0.417500 0.386250 0.417500 0.386250 0.457500 0.332500 0.457500
29 0.336250 0.381250 0.385000 0.381250 0.385000 0.418750 0.336250 0.418750
14 0.285000 0.380000 0.338750 0.380000 0.338750 0.421250 0.285000 0.421250
0 0.570000 0.330000 0.607500 0.330000 0.607500 0.385000 0.570000 0.385000
26 0.535000 0.328750 0.572500 0.328750 0.572500 0.381250 0.535000 0.381250
30 0.500000 0.326250 0.537500 0.326250 0.537500 0.387500 0.500000 0.387500
19 0.465000 0.331250 0.502500 0.331250 0.502500 0.386250 0.465000 0.386250
