27 0.568750 0.320000 0.607500 0.320000 0.607500 0.380000 0.568750 0.380000
31 0.535000 0.318750 0.571250 0.318750 0.571250 0.381250 0.535000 0.381250
18 0.497500 0.318750 0.535000 0.318750 0.535000 0.378750 0.497500 0.378750
25 0.462500 0.317500 0.500000 0.317500 0.500000 0.377500 0.462500 0.377500
28 0.426250 0.318750 0.462500 0.318750 0.462500 0.376250 0.426250 0.376250
17 0.388750 0.316250 0.428750 0.316250 0.428750 0.377500 0.388750 0.377500
29 0.535000 0.265000 0.571250 0.265000 0.571250 0.318750 0.535000 0.318750
19 0.570000 0.265000 0.606250 0.265000 0.606250 0.318750 0.570000 0.318750
28 0.616250 0.375000 0.662500 0.375000 0.662500 0.415000 0.616250 0.415000
19 0.615000 0.415000 0.661250 0.415000 0.661250 0.453750 0.615000 0.453750
5 0.615000 0.453750 0.663750 0.453750 0.663750 0.495000 0.615000 0.495000
29 0.615000 0.493750 0.662500 0.493750 0.662500 0.535000 0.615000 0.535000
18 0.613750 0.533750 0.662500 0.533750 0.662500 0.573750 0.613750 0.573750
21 0.662500 0.573750 0.711250 0.573750 0.711250 0.612500 0.662500 0.612500
8 0.612500 0.572500 0.663750 0.572500 0.663750 0.612500 0.612500 0.612500
9 0.571250 0.622500 0.606250 0.622500 0.606250 0.677500 0.571250 0.677500
0 0.535000 0.621250 0.568750 0.621250 0.568750 0.678750 0.535000 0.678750
28 0.500000 0.623750 0.536250 0.623750 0.536250 0.678750 0.500000 0.678750
33 0.465000 0.622500 0.500000 0.622500 0.500000 0.676250 0.465000 0.676250
10 0.662500 0.535000 0.710000 0.535000 0.710000 0.573750 0.662500 0.573750
29 0.428750 0.621250 0.465000 0.621250 0.465000 0.678750 0.428750 0.678750
29 0.392500 0.621250 0.428750 0.621250 0.428750 0.676250 0.392500 0.676250
26 0.392500 0.676250 0.430000 0.676250 0.430000 0.728750 0.392500 0.728750
18 0.337500 0.568750 0.385000 0.568750 0.385000 0.611250 0.337500 0.611250
32 0.335000 0.530000 0.385000 0.530000 0.385000 0.570000 0.335000 0.570000
31 0.335000 0.492500 0.386250 0.492500 0.386250 0.531250 0.335000 0.531250
30 0.335000 0.452500 0.385000 0.452500 0.385000 0.491250 0.335000 0.491250
0 0.333750 0.413750 0.383750 0.413750 0.383750 0.451250 0.333750 0.451250
0 0.286250 0.373750 0.335000 0.373750 0.335000 0.415000 0.286250 0.415000
8 0.333750 0.372500 0.383750 0.372500 0.383750 0.416250 0.333750 0.416250
27 0.286250 0.415000 0.335000 0.415000 0.335000 0.456250 0.286250 0.456250
4 0.146250 0.911250 0.202500 0.911250 0.202500 0.996250 0.146250 0.996250
4 0.196250 0.912500 0.248750 0.912500 0.248750 0.993750 0.196250 0.993750
5 0.241250 0.912500 0.291250 0.912500 0.291250 0.996250 0.241250 0.996250
7 0.287500 0.911250 0.337500 0.911250 0.337500 0.997500 0.287500 0.997500
7 0.332500 0.911250 0.382500 0.911250 0.382500 0.996250 0.332500 0.996250
15 0.377500 0.912500 0.426250 0.912500 0.426250 0.996250 0.377500 0.996250
15 0.422500 0.912500 0.471250 0.912500 0.471250 0.996250 0.422500 0.996250
20 0.468750 0.912500 0.517500 0.912500 0.517500 0.996250 0.468750 0.996250
22 0.515000 0.912500 0.561250 0.912500 0.561250 0.995000 0.515000 0.995000
22 0.562500 0.908750 0.607500 0.908750 0.607500 0.996250 0.562500 0.996250
23 0.607500 0.908750 0.653750 0.908750 0.653750 0.995000 0.607500 0.995000
24 0.651250 0.907500 0.700000 0.907500 0.700000 0.995000 0.651250 0.995000
32 0.697500 0.908750 0.746250 0.908750 0.746250 0.995000 0.697500 0.995000
14 0.752500 0.910000 0.810000 0.910000 0.810000 0.996250 0.752500 0.996250
