3 0.140254 0.950519 0.056659 0.084589
4 0.186331 0.949039 0.052294 0.087479
6 0.230215 0.947761 0.053029 0.087850
6 0.276491 0.948292 0.048253 0.085251
16 0.320934 0.948289 0.049362 0.086723
17 0.365372 0.947737 0.046799 0.086336
17 0.411094 0.947541 0.046052 0.084501
19 0.455898 0.946987 0.048652 0.089277
21 0.500708 0.947164 0.045333 0.085958
23 0.546055 0.945873 0.046061 0.085598
24 0.593056 0.945666 0.047905 0.087442
24 0.635486 0.945497 0.046451 0.088527
26 0.681395 0.945848 0.054864 0.088597
17 0.381076 0.746242 0.035178 0.052226
9 0.381174 0.691923 0.033328 0.049651
9 0.382211 0.640521 0.034062 0.050022
33 0.416053 0.641338 0.036635 0.051507
32 0.450980 0.640682 0.034812 0.052223
27 0.485549 0.640944 0.037376 0.052610
1 0.521026 0.640467 0.036641 0.052238
13 0.554310 0.640191 0.038092 0.050787
26 0.413734 0.692567 0.037013 0.052973
7 0.449949 0.692815 0.036278 0.052601
16 0.483596 0.692170 0.034809 0.051857
28 0.519075 0.691876 0.035553 0.053326
20 0.553640 0.691772 0.038159 0.058834
16 0.605767 0.581787 0.046395 0.037690
31 0.652785 0.583592 0.046791 0.041350
22 0.697577 0.581575 0.047136 0.038793
25 0.652279 0.544640 0.048581 0.036611
15 0.651968 0.507150 0.049321 0.037714
22 0.653119 0.469464 0.046395 0.037690
27 0.652058 0.429786 0.047886 0.040994
0 0.652837 0.391372 0.047154 0.040988
6 0.605116 0.393048 0.048212 0.036242
10 0.604321 0.429450 0.047496 0.038065
17 0.606108 0.468574 0.047489 0.037333
10 0.606602 0.506063 0.047133 0.038427
29 0.606375 0.544838 0.046743 0.035498
0 0.557870 0.341681 0.035154 0.049300
8 0.523133 0.343249 0.036638 0.051872
28 0.488383 0.343172 0.037400 0.055536
30 0.454730 0.343085 0.033724 0.053311
7 0.419612 0.342828 0.035160 0.050032
27 0.385240 0.344210 0.037403 0.055902
15 0.375860 0.293810 0.037744 0.052979
20 0.414812 0.293304 0.045307 0.038778
2 0.453747 0.290786 0.036986 0.049681
2 0.489775 0.290487 0.036650 0.053336
8 0.524342 0.290566 0.036296 0.054796
15 0.559639 0.290456 0.034459 0.053683
22 0.560303 0.238144 0.036617 0.049312
25 0.524827 0.238804 0.035903 0.051501
8 0.333681 0.390361 0.049352 0.041372
9 0.333823 0.429499 0.046779 0.039887
0 0.333788 0.469370 0.047535 0.042819
29 0.333754 0.509423 0.047489 0.037333
30 0.334244 0.546364 0.047873 0.039531
30 0.332017 0.586618 0.049312 0.036617
32 0.286117 0.587365 0.047502 0.038796
15 0.286344 0.548590 0.048611 0.040268
23 0.287664 0.509257 0.046773 0.039156
14 0.288623 0.470476 0.047139 0.039159
5 0.287749 0.431344 0.045328 0.041338
31 0.288524 0.392381 0.048239 0.039534
29 0.241886 0.392402 0.048623 0.041731
21 0.242998 0.438299 0.036306 0.055893
