7 0.954129 0.105159 0.083408 0.168651
27 0.854762 0.108879 0.125248 0.188492
8 0.678671 0.263889 0.166171 0.138889
9 0.678051 0.396577 0.157490 0.133929
0 0.676811 0.531746 0.159970 0.143849
29 0.675570 0.667535 0.159970 0.125248
30 0.676190 0.792783 0.161210 0.132688
30 0.667510 0.929191 0.166171 0.122768
32 0.511880 0.930432 0.159970 0.130208
15 0.513740 0.798983 0.163690 0.135169
23 0.519320 0.665675 0.157490 0.131448
14 0.523661 0.534226 0.158730 0.131448
5 0.521801 0.401538 0.152530 0.138889
31 0.525521 0.269469 0.162450 0.132688
29 0.367411 0.268229 0.163690 0.140129
21 0.369891 0.423859 0.121528 0.188492
