3 0.160900 0.953497 0.056920 0.085565
32 0.207775 0.952381 0.052455 0.088542
6 0.252418 0.951451 0.053199 0.088914
6 0.299479 0.952381 0.048363 0.086310
16 0.344680 0.952753 0.049479 0.087798
17 0.389881 0.952567 0.046875 0.087426
17 0.436384 0.952753 0.046131 0.085565
19 0.481957 0.952567 0.048735 0.090402
21 0.527530 0.953125 0.045387 0.087054
23 0.573661 0.952195 0.046131 0.086682
24 0.621466 0.952381 0.047991 0.088542
24 0.664621 0.952567 0.046503 0.089658
26 0.711310 0.953311 0.055060 0.089658
17 0.407552 0.747768 0.035342 0.052827
9 0.408110 0.692522 0.033482 0.050223
9 0.409598 0.640253 0.034226 0.050595
33 0.444010 0.641369 0.036830 0.052083
32 0.479539 0.640997 0.034970 0.052827
27 0.514695 0.641555 0.037574 0.053199
32 0.550781 0.641369 0.036830 0.052827
13 0.584635 0.641369 0.038318 0.051339
26 0.441220 0.693452 0.037202 0.053571
7 0.478051 0.694010 0.036458 0.053199
31 0.512277 0.693638 0.034970 0.052455
28 0.548363 0.693638 0.035714 0.053943
20 0.583519 0.693824 0.038318 0.059524
16 0.637463 0.582403 0.046875 0.037946
31 0.685268 0.584635 0.047247 0.041667
22 0.730841 0.582961 0.047619 0.039062
25 0.685082 0.545015 0.049107 0.036830
15 0.685082 0.506882 0.049851 0.037946
22 0.686570 0.468564 0.046875 0.037946
27 0.685826 0.428199 0.048363 0.041295
0 0.686942 0.389137 0.047619 0.041295
6 0.638393 0.390439 0.048735 0.036458
10 0.637277 0.427455 0.047991 0.038318
17 0.638765 0.467262 0.047991 0.037574
10 0.638951 0.505394 0.047619 0.038690
29 0.638393 0.544829 0.047247 0.035714
0 0.590774 0.337798 0.035342 0.049851
8 0.555432 0.339100 0.036830 0.052455
28 0.520089 0.338728 0.037574 0.056176
30 0.485863 0.338356 0.033854 0.053943
7 0.450149 0.337798 0.035342 0.050595
27 0.415179 0.338914 0.037574 0.056548
15 0.406064 0.287574 0.037946 0.053571
20 0.445685 0.287388 0.045759 0.039062
2 0.485305 0.285156 0.037202 0.050223
2 0.521949 0.285156 0.036830 0.053943
8 0.557106 0.285528 0.036458 0.055432
15 0.593006 0.285714 0.034598 0.054315
22 0.594122 0.232515 0.036830 0.049851
25 0.558036 0.232887 0.036086 0.052083
8 0.362351 0.385417 0.049851 0.041667
9 0.362165 0.425223 0.047247 0.040179
0 0.361793 0.465774 0.047991 0.043155
29 0.361421 0.506510 0.047991 0.037574
30 0.361607 0.544085 0.048363 0.039807
30 0.359003 0.585007 0.049851 0.036830
32 0.312314 0.585379 0.047991 0.039062
15 0.312872 0.545945 0.049107 0.040551
23 0.314546 0.505952 0.047247 0.039435
14 0.315848 0.466518 0.047619 0.039435
5 0.315290 0.426711 0.045759 0.041667
31 0.316406 0.387091 0.048735 0.039807
29 0.268973 0.386719 0.049107 0.042039
21 0.269717 0.433408 0.036458 0.056548
