8 0.413876 0.367746 0.034970 0.066964
19 0.448475 0.369606 0.037202 0.067708
29 0.483817 0.370722 0.036458 0.069940
27 0.519531 0.369234 0.036458 0.072917
30 0.556362 0.371838 0.034226 0.070685
29 0.587612 0.371466 0.031250 0.071429
30 0.635231 0.442894 0.052083 0.038690
30 0.636347 0.479353 0.051339 0.035714
31 0.635231 0.515439 0.053571 0.034970
32 0.636347 0.552269 0.051339 0.034226
27 0.634859 0.595424 0.052827 0.046131
7 0.584635 0.646763 0.037202 0.063988
19 0.548177 0.645647 0.037202 0.066220
3 0.514323 0.646019 0.039435 0.066964
22 0.478609 0.646019 0.037946 0.066964
29 0.442894 0.647135 0.037946 0.063244
9 0.408539 0.646670 0.034799 0.063802
7 0.359432 0.594666 0.046932 0.049679
32 0.359089 0.551282 0.047161 0.037546
33 0.358974 0.514995 0.048306 0.036859
32 0.359203 0.478251 0.051511 0.038462
27 0.359203 0.441621 0.051511 0.036630
29 0.359890 0.406250 0.048764 0.036859
1 0.152930 0.924336 0.064103 0.090430
1 0.202953 0.923878 0.061584 0.089973
5 0.249886 0.923191 0.059753 0.090888
6 0.297619 0.923535 0.056777 0.090659
6 0.342033 0.923306 0.056777 0.090659
14 0.391827 0.922848 0.054258 0.091117
14 0.436241 0.923077 0.054258 0.091117
17 0.484890 0.923306 0.051282 0.090201
17 0.532509 0.923764 0.051282 0.090201
20 0.581273 0.923535 0.048535 0.089286
25 0.629235 0.923878 0.051969 0.089515
26 0.676282 0.924794 0.050824 0.089973
26 0.724130 0.924107 0.054945 0.090888
31 0.107830 0.126145 0.041667 0.068910
17 0.484890 0.923306 0.051282 0.090201
31 0.141712 0.126259 0.041667 0.070513
31 0.180861 0.121337 0.053114 0.060211
