4 0.17462121 0.95101010 0.05934343 0.09343434
4 0.22210859 0.95164773 0.04921717 0.09420455
4 0.26515152 0.95113636 0.05505051 0.09217172
7 0.31123737 0.95164141 0.04974747 0.09015152
7 0.35580808 0.95227273 0.04898990 0.09242424
14 0.40214646 0.95189394 0.04974747 0.09116162
15 0.44747475 0.95088384 0.04848485 0.09166667
16 0.49305556 0.95151515 0.05126263 0.09141414
20 0.53800505 0.95253157 0.05050505 0.09243687
22 0.58434343 0.95190025 0.04520202 0.09369949
22 0.62967172 0.95138889 0.04494949 0.09318182
23 0.67537879 0.95126263 0.04747475 0.09343434
24 0.72260101 0.95176768 0.04949495 0.09191919
8 0.35883838 0.39507576 0.05101010 0.04318182
0 0.35997475 0.43497475 0.05025253 0.04166667
30 0.36098485 0.47563131 0.04924242 0.04116162
31 0.36136364 0.51351010 0.04949495 0.03989899
32 0.36085859 0.55088384 0.04949495 0.03989899
18 0.36085859 0.58888889 0.04848485 0.03762626
0 0.31047980 0.39393939 0.04823232 0.04368687
27 0.31073232 0.43459596 0.04823232 0.04065657
27 0.31224747 0.47449495 0.04924242 0.04166667
27 0.31174242 0.51452020 0.04873737 0.04141414
29 0.41136364 0.64898990 0.03510101 0.05202020
29 0.44633838 0.64898990 0.03535354 0.05252525
33 0.48106061 0.64823232 0.03762626 0.05202020
28 0.51553030 0.64962121 0.03585859 0.05429293
0 0.55037879 0.65113636 0.03434343 0.05833333
9 0.58510101 0.65340909 0.03409091 0.06035354
26 0.41224747 0.70265152 0.03636364 0.05580808
32 0.44684343 0.70328283 0.03535354 0.05808081
15 0.48257576 0.70303030 0.03611111 0.05707071
5 0.51729798 0.70479798 0.03636364 0.05707071
17 0.63800505 0.59646465 0.05050505 0.04696970
21 0.68737374 0.59734848 0.04772727 0.04772727
18 0.63762626 0.55378788 0.04924242 0.03888889
10 0.68661616 0.55391414 0.04974747 0.03964646
29 0.63838384 0.51527778 0.04823232 0.04015152
16 0.68560606 0.51401515 0.05025253 0.03762626
5 0.63813131 0.47563131 0.04823232 0.03914141
1 0.68560606 0.47550505 0.04924242 0.03939394
19 0.63813131 0.43611111 0.04873737 0.04040404
9 0.68547980 0.43560606 0.04646465 0.04141414
28 0.63800505 0.39633838 0.04747475 0.04015152
27 0.58876263 0.35037879 0.03434343 0.06287879
31 0.55252525 0.35075758 0.03712121 0.06363636
18 0.51755051 0.35101010 0.03787879 0.06313131
25 0.48270202 0.35075758 0.03535354 0.06111111
28 0.44583333 0.34987374 0.03636364 0.06489899
17 0.41186869 0.35037879 0.03459596 0.06338384
31 0.44457071 0.29280303 0.03787879 0.05025253
26 0.48042929 0.29229798 0.03686869 0.05075758
6 0.51565657 0.29318182 0.03661616 0.05353535
29 0.55138889 0.29242424 0.03686869 0.05151515
19 0.58724747 0.29267677 0.03737374 0.05454545
