4 0.134363 0.958562 0.062322 0.080376
4 0.183597 0.958915 0.051829 0.079670
4 0.228232 0.959347 0.057860 0.078807
7 0.276014 0.960338 0.052345 0.076824
7 0.322224 0.960266 0.051578 0.076968
14 0.370275 0.960591 0.052353 0.076317
15 0.417284 0.960131 0.051048 0.077238
16 0.464541 0.960710 0.053926 0.076079
20 0.511140 0.961164 0.053150 0.075172
22 0.559194 0.960716 0.047662 0.076067
22 0.606198 0.960777 0.047395 0.075945
23 0.653593 0.960834 0.050016 0.075831
24 0.702553 0.961684 0.052098 0.074132
8 0.330075 0.392178 0.053257 0.045206
0 0.330916 0.433559 0.052459 0.043629
30 0.331620 0.475724 0.051407 0.043096
31 0.331692 0.515004 0.051658 0.041789
32 0.330853 0.553752 0.051658 0.041789
18 0.330532 0.593159 0.050592 0.039424
0 0.279942 0.390591 0.050381 0.045706
27 0.279860 0.432750 0.050355 0.042564
27 0.281094 0.474134 0.051411 0.043620
27 0.280232 0.515632 0.050885 0.043354
29 0.382392 0.655904 0.036836 0.054236
29 0.418657 0.656200 0.037102 0.054762
33 0.454667 0.655708 0.039454 0.054257
28 0.490396 0.657439 0.037640 0.056599
0 0.526518 0.659305 0.036103 0.060776
9 0.562502 0.661955 0.035859 0.062868
26 0.382855 0.711553 0.038177 0.058174
32 0.418722 0.712500 0.037149 0.060522
15 0.455775 0.712540 0.037926 0.059481
5 0.491763 0.714666 0.038188 0.059484
17 0.617839 0.603357 0.052765 0.049129
21 0.669021 0.604690 0.049891 0.049891
18 0.617807 0.559102 0.051388 0.040740
10 0.668603 0.559647 0.051918 0.041530
29 0.618918 0.519178 0.050351 0.042040
16 0.667893 0.518268 0.052424 0.039439
5 0.618991 0.478066 0.050343 0.040993
1 0.668218 0.478337 0.051392 0.041263
19 0.619325 0.437088 0.050877 0.042307
9 0.668425 0.436965 0.048529 0.043335
28 0.619530 0.395847 0.049566 0.042034
27 0.568860 0.347776 0.036142 0.065489
31 0.531282 0.347862 0.039029 0.066298
18 0.495015 0.347828 0.039810 0.065781
25 0.458883 0.347272 0.037174 0.063664
28 0.420661 0.346044 0.038254 0.067601
17 0.385439 0.346281 0.036408 0.066015
31 0.419835 0.286857 0.039701 0.052427
26 0.457020 0.286637 0.038658 0.052942
6 0.493540 0.287851 0.038420 0.055820
29 0.530597 0.287367 0.038664 0.053727
19 0.567776 0.287932 0.039214 0.056874
