24 0.957678 0.241344 0.073462 0.091287
23 0.879895 0.242154 0.073462 0.095068
30 0.804543 0.242154 0.077243 0.090747
0 0.731081 0.243234 0.074002 0.092908
32 0.654918 0.245125 0.072922 0.093448
20 0.580646 0.241344 0.073462 0.091287
15 0.477475 0.141144 0.093988 0.071301
15 0.474504 0.071193 0.099930 0.074002
1 0.053597 0.822827 0.107195 0.153406
2 0.151488 0.823097 0.112353 0.155026
4 0.250608 0.822287 0.108572 0.158807
12 0.348647 0.824178 0.101550 0.155026
14 0.446146 0.824718 0.104251 0.155026
16 0.546346 0.823908 0.102631 0.156647
17 0.645465 0.822827 0.101010 0.154486
18 0.744855 0.823097 0.102090 0.156107
18 0.844245 0.822017 0.098849 0.157187
19 0.944444 0.820937 0.098309 0.155026
