25 0.083041 0.110095 0.034223 0.051336
25 0.117127 0.110685 0.035016 0.054313
25 0.157452 0.104155 0.047018 0.041557
22 0.203008 0.105870 0.045542 0.041901
22 0.241610 0.113209 0.034236 0.052077
22 0.275530 0.112684 0.035348 0.052096
9 0.373222 0.324883 0.033814 0.049106
1 0.407315 0.325102 0.035335 0.051355
12 0.440855 0.325126 0.034958 0.050978
26 0.476635 0.324263 0.036031 0.048774
10 0.510338 0.325587 0.036082 0.051738
16 0.544411 0.326918 0.035367 0.053208
11 0.370696 0.374502 0.036434 0.050633
28 0.405709 0.375107 0.033125 0.052058
29 0.437406 0.374544 0.034913 0.048385
4 0.473144 0.376088 0.035329 0.050985
4 0.506294 0.377218 0.033457 0.049841
31 0.539448 0.378162 0.036779 0.049158
12 0.583650 0.425995 0.047350 0.039340
8 0.581735 0.461726 0.048468 0.039730
13 0.577402 0.497971 0.047701 0.038235
17 0.572877 0.534584 0.046577 0.037475
27 0.620192 0.498897 0.043607 0.037053
1 0.618289 0.533887 0.045465 0.037455
27 0.616166 0.570912 0.046194 0.036727
31 0.571882 0.570702 0.046583 0.037845
10 0.567775 0.604542 0.046948 0.037481
17 0.612593 0.606058 0.044699 0.035961
32 0.517068 0.654253 0.032632 0.045012
33 0.483349 0.653855 0.033406 0.046877
30 0.450390 0.652359 0.034153 0.047260
32 0.418903 0.651443 0.034153 0.047260
32 0.385162 0.652342 0.034894 0.047273
31 0.353838 0.652727 0.037507 0.048430
18 0.350444 0.698995 0.035399 0.055060
0 0.382476 0.700476 0.037909 0.050289
2 0.308617 0.599503 0.048832 0.039366
0 0.310562 0.562104 0.046941 0.037111
8 0.310774 0.528382 0.048423 0.037136
27 0.315484 0.491773 0.046980 0.039334
18 0.317048 0.454923 0.045069 0.035967
32 0.317855 0.418988 0.047024 0.041927
11 0.272670 0.417279 0.048462 0.039359
25 0.271077 0.455796 0.046622 0.040068
2 0.270273 0.491546 0.046909 0.035258
12 0.266346 0.525760 0.046941 0.037111
7 0.109814 0.919054 0.052367 0.072392
9 0.154118 0.918153 0.049818 0.074940
9 0.194701 0.918114 0.048681 0.073439
10 0.236763 0.918285 0.047576 0.073790
11 0.279575 0.917914 0.047997 0.076761
14 0.322732 0.919031 0.045365 0.074493
15 0.366059 0.921078 0.046151 0.077099
16 0.408485 0.921627 0.045800 0.078204
16 0.451294 0.921441 0.044682 0.077815
19 0.494081 0.922552 0.042778 0.074819
19 0.535392 0.923266 0.046100 0.074135
20 0.575761 0.924891 0.044624 0.074480
23 0.620589 0.925852 0.049818 0.074940
13 0.676544 0.926264 0.048317 0.073803
26 0.864590 0.339498 0.045044 0.034485
26 0.874798 0.295757 0.036798 0.050269
26 0.872743 0.253842 0.046571 0.037104
29 0.882596 0.209168 0.036031 0.048774
29 0.881487 0.166158 0.046915 0.035629
29 0.887162 0.127341 0.047324 0.037858
