25 0.122507 0.171147 0.032502 0.049130
25 0.155323 0.171415 0.033239 0.051989
25 0.194082 0.164776 0.044908 0.039601
22 0.237948 0.166026 0.043484 0.039946
22 0.275171 0.172751 0.032508 0.049843
22 0.307818 0.171947 0.033578 0.049852
9 0.403720 0.375349 0.032128 0.046987
1 0.436539 0.375260 0.033572 0.049139
12 0.468824 0.374989 0.033212 0.048779
26 0.503257 0.373843 0.034265 0.046648
10 0.535711 0.374822 0.034288 0.049501
16 0.568521 0.375803 0.033587 0.050922
11 0.401724 0.423133 0.034636 0.048434
28 0.435432 0.423408 0.031438 0.049835
29 0.465938 0.422587 0.033192 0.046282
4 0.500352 0.423760 0.033569 0.048782
4 0.532273 0.424556 0.031777 0.047697
31 0.564194 0.425174 0.034981 0.047010
12 0.607163 0.470828 0.045247 0.037464
8 0.605633 0.505239 0.046320 0.037829
13 0.601781 0.540167 0.045595 0.036397
17 0.597747 0.575449 0.044519 0.035674
27 0.642978 0.540682 0.041663 0.035294
1 0.641454 0.574379 0.043449 0.035666
27 0.639736 0.610038 0.044156 0.034958
31 0.597106 0.610224 0.044522 0.036031
10 0.593451 0.642835 0.044876 0.035677
17 0.636606 0.643901 0.042724 0.034233
32 0.545077 0.691132 0.031026 0.043054
33 0.512616 0.691045 0.031754 0.044844
30 0.480878 0.689894 0.032470 0.045206
32 0.450561 0.689290 0.032470 0.045206
32 0.418090 0.690451 0.033183 0.045212
31 0.387942 0.691097 0.035689 0.046303
18 0.385081 0.735664 0.033601 0.052706
0 0.415928 0.736808 0.036060 0.048089
2 0.343945 0.640261 0.046674 0.037475
0 0.345488 0.604245 0.044873 0.035321
8 0.345396 0.571783 0.046300 0.035332
27 0.349608 0.536502 0.044890 0.037461
18 0.350790 0.501017 0.043081 0.034236
32 0.351251 0.466419 0.044911 0.039958
11 0.307741 0.465172 0.046317 0.037472
25 0.306546 0.502261 0.044539 0.038171
2 0.306087 0.536681 0.044858 0.033537
12 0.302607 0.569650 0.044873 0.035321
7 0.155388 0.949604 0.049787 0.069245
9 0.198026 0.948347 0.047310 0.071721
9 0.237091 0.947953 0.046228 0.070286
10 0.277580 0.947749 0.045161 0.070634
11 0.318788 0.947015 0.045541 0.073490
14 0.360340 0.947711 0.043027 0.071330
15 0.402063 0.949301 0.043761 0.073832
16 0.442907 0.949456 0.043413 0.074900
16 0.484113 0.948901 0.042340 0.074534
19 0.525308 0.949594 0.040533 0.071666
19 0.565080 0.949919 0.043737 0.070979
20 0.603953 0.951128 0.042313 0.071324
23 0.647112 0.951659 0.047310 0.071721
13 0.700978 0.951564 0.045875 0.070640
26 0.876831 0.385099 0.043069 0.032809
26 0.886272 0.342905 0.034990 0.048080
26 0.883926 0.302576 0.044516 0.035318
29 0.893018 0.259487 0.034265 0.046648
29 0.891573 0.218095 0.044861 0.033894
29 0.896694 0.180681 0.045235 0.036037
