22 0.310641 0.127398 0.040519 0.051217
22 0.275748 0.125840 0.038708 0.055726
22 0.235832 0.117156 0.047122 0.040141
25 0.190095 0.114776 0.046950 0.036846
25 0.148691 0.118743 0.036486 0.051184
25 0.115169 0.116902 0.035721 0.051337
29 0.928721 0.164183 0.048282 0.040443
29 0.923130 0.201532 0.049656 0.041504
29 0.922130 0.246250 0.038472 0.054776
26 0.912374 0.290346 0.047985 0.041088
26 0.911364 0.332079 0.037029 0.052392
26 0.899754 0.376743 0.048264 0.040113
9 0.094276 0.952664 0.057013 0.081468
10 0.138420 0.955126 0.051304 0.079522
11 0.184540 0.957858 0.055045 0.081695
13 0.228545 0.958719 0.053096 0.080062
14 0.273203 0.960080 0.050398 0.077339
15 0.318531 0.960598 0.050501 0.076305
16 0.362980 0.962908 0.050660 0.071684
16 0.407020 0.962877 0.052120 0.071745
18 0.451503 0.964187 0.053078 0.069126
19 0.496492 0.964930 0.047873 0.067640
20 0.538678 0.965945 0.054122 0.065610
21 0.586095 0.967184 0.053877 0.063132
23 0.631371 0.968511 0.055235 0.060479
8 0.688640 0.968833 0.056034 0.059834
32 0.336925 0.438328 0.046280 0.040009
18 0.333389 0.477608 0.047341 0.041384
27 0.329817 0.514399 0.047255 0.039730
8 0.327850 0.550610 0.047141 0.040714
0 0.323482 0.588354 0.044905 0.038948
2 0.320466 0.624014 0.047255 0.039730
11 0.290788 0.435928 0.046645 0.040688
25 0.288225 0.472439 0.047985 0.041088
2 0.284923 0.510405 0.045898 0.039000
12 0.281194 0.547022 0.048977 0.041139
0 0.276978 0.583448 0.046976 0.040705
14 0.273665 0.618428 0.050442 0.037587
33 0.243997 0.433328 0.045498 0.037660
0 0.241209 0.470988 0.047289 0.040392
8 0.239099 0.508353 0.046890 0.039052
14 0.235935 0.543673 0.048943 0.040478
31 0.361815 0.680220 0.036526 0.049067
32 0.396228 0.681679 0.035865 0.049033
32 0.428518 0.682530 0.038231 0.050146
30 0.463767 0.683866 0.036595 0.050390
33 0.497251 0.687266 0.034452 0.053577
32 0.531838 0.688568 0.035985 0.051348
10 0.536568 0.737896 0.037901 0.050128
7 0.497749 0.735047 0.043858 0.044171
19 0.458385 0.736316 0.036733 0.053036
9 0.423562 0.733177 0.040233 0.050580
0 0.389494 0.728254 0.034697 0.051941
18 0.357745 0.729753 0.037656 0.051765
28 0.351759 0.774709 0.039486 0.048891
5 0.384937 0.777596 0.038545 0.049832
10 0.588084 0.640092 0.048526 0.038807
31 0.591631 0.603797 0.047830 0.038111
17 0.597005 0.567432 0.048805 0.037832
13 0.599428 0.530415 0.049205 0.039172
8 0.603505 0.493485 0.049536 0.039189
12 0.608625 0.455614 0.047848 0.038442
17 0.634117 0.641326 0.047848 0.038442
23 0.679698 0.644858 0.048595 0.040130
2 0.684271 0.607954 0.051138 0.038283
1 0.641922 0.567779 0.047848 0.038442
1 0.692476 0.533100 0.051379 0.042913
19 0.650102 0.493422 0.047762 0.036788
31 0.653466 0.457449 0.046907 0.039382
27 0.645782 0.531832 0.049970 0.041191
27 0.637472 0.605519 0.047534 0.038755
30 0.688539 0.570536 0.045966 0.040323
31 0.566783 0.402532 0.038369 0.052791
4 0.532309 0.402231 0.038386 0.053122
4 0.498486 0.398979 0.040023 0.052877
29 0.464038 0.398181 0.037970 0.051451
28 0.428119 0.396976 0.039134 0.054810
11 0.394427 0.394394 0.037029 0.052392
9 0.400298 0.345287 0.040440 0.054548
1 0.434407 0.346232 0.039761 0.054183
12 0.468273 0.348657 0.037446 0.054063
26 0.505296 0.347764 0.039117 0.054480
10 0.537491 0.350434 0.038786 0.054462
16 0.574576 0.351535 0.039499 0.055489
28 0.578897 0.300357 0.039327 0.052182
15 0.543474 0.299177 0.039988 0.052216
27 0.508399 0.297684 0.040547 0.050266
15 0.473549 0.295042 0.036299 0.051035
13 0.439232 0.294915 0.037325 0.051748
13 0.405272 0.294308 0.035586 0.050008
