22 0.310227 0.127728 0.038034 0.049162
22 0.275588 0.127742 0.036028 0.053732
22 0.235655 0.120919 0.045103 0.037841
25 0.190235 0.120603 0.045080 0.034569
25 0.149393 0.126382 0.034021 0.049310
25 0.116099 0.126053 0.033253 0.049497
29 0.924215 0.136587 0.046244 0.038090
29 0.920342 0.173840 0.047564 0.039085
29 0.921347 0.218187 0.035837 0.052796
26 0.913650 0.262310 0.045920 0.038745
26 0.914512 0.303701 0.034507 0.050488
26 0.905003 0.348469 0.046242 0.037762
9 0.132699 0.954995 0.053094 0.078533
10 0.176544 0.955464 0.047499 0.076852
11 0.222358 0.956112 0.051125 0.078848
13 0.266042 0.956087 0.049159 0.079491
14 0.310382 0.956232 0.046525 0.078488
15 0.355380 0.956217 0.046539 0.080458
16 0.399550 0.957181 0.046844 0.077176
16 0.443239 0.956500 0.048176 0.079813
18 0.487413 0.956808 0.049157 0.079163
19 0.532081 0.956954 0.043914 0.080768
20 0.573959 0.956917 0.050149 0.080155
21 0.621084 0.957960 0.049832 0.081581
23 0.666074 0.958278 0.051151 0.080944
8 0.722901 0.957325 0.051826 0.082849
32 0.350143 0.434601 0.044271 0.037748
18 0.348393 0.473674 0.045265 0.039069
27 0.346496 0.510283 0.045254 0.037426
8 0.346164 0.546246 0.045097 0.038411
0 0.343521 0.583836 0.042950 0.036754
2 0.342124 0.619299 0.045254 0.037426
11 0.304327 0.434282 0.044604 0.038407
25 0.303417 0.470569 0.045920 0.038745
2 0.301841 0.508330 0.043936 0.036760
12 0.299780 0.544774 0.046905 0.038752
0 0.297229 0.581050 0.044932 0.038409
14 0.295508 0.615854 0.048522 0.035150
33 0.257854 0.433794 0.043598 0.035444
0 0.256773 0.471230 0.045258 0.038083
8 0.256350 0.508342 0.044921 0.036767
14 0.254792 0.543475 0.046901 0.038095
31 0.385598 0.673139 0.034156 0.047202
32 0.419757 0.673048 0.033499 0.047197
32 0.451785 0.672450 0.035805 0.048198
30 0.486767 0.672201 0.034165 0.048515
33 0.520092 0.674075 0.031889 0.051784
32 0.554416 0.673821 0.033515 0.049496
10 0.561303 0.722480 0.035476 0.048196
7 0.522718 0.721390 0.041673 0.041999
19 0.483776 0.724404 0.034183 0.051143
9 0.449135 0.722849 0.037778 0.048541
0 0.415164 0.719492 0.032206 0.050144
18 0.383777 0.722393 0.035159 0.049836
28 0.379852 0.767200 0.037109 0.046894
5 0.412851 0.768579 0.036131 0.047872
10 0.607977 0.623284 0.046561 0.036450
31 0.609871 0.587168 0.045899 0.035789
17 0.613572 0.550900 0.046882 0.035467
13 0.614321 0.514119 0.047220 0.036783
8 0.616712 0.477349 0.047548 0.036786
12 0.620095 0.439601 0.045902 0.036117
17 0.653638 0.622453 0.045902 0.036117
23 0.698954 0.623918 0.046570 0.037764
2 0.701837 0.587151 0.049184 0.035812
1 0.658089 0.549239 0.045902 0.036117
1 0.706626 0.512626 0.049216 0.040410
19 0.662874 0.475207 0.045890 0.034475
31 0.664601 0.439418 0.044923 0.037096
27 0.660309 0.513454 0.047891 0.038758
27 0.655364 0.586828 0.045576 0.036443
30 0.704396 0.549890 0.043945 0.038074
31 0.576271 0.388878 0.035823 0.050826
4 0.542104 0.390119 0.035825 0.051154
4 0.508450 0.388406 0.037465 0.050837
29 0.474286 0.389154 0.035485 0.049510
28 0.438646 0.389563 0.036494 0.052801
11 0.405151 0.388508 0.034507 0.050488
9 0.408776 0.339594 0.037805 0.052482
1 0.442611 0.339009 0.037146 0.052149
12 0.476271 0.339900 0.034847 0.052133
26 0.512911 0.337363 0.036491 0.052473
10 0.544926 0.338571 0.036163 0.052470
16 0.581717 0.338006 0.036827 0.053460
28 0.583713 0.287111 0.036804 0.050176
15 0.548566 0.287523 0.037461 0.050180
27 0.513750 0.287609 0.038104 0.048214
15 0.479106 0.286547 0.033841 0.049170
13 0.445101 0.287952 0.034831 0.049834
13 0.411429 0.288867 0.033177 0.048180
