22 0.333821 0.135599 0.037648 0.048486
22 0.299841 0.135372 0.035712 0.052955
22 0.260713 0.128403 0.044504 0.037430
25 0.216159 0.127779 0.044459 0.034221
25 0.176052 0.133165 0.033713 0.048604
25 0.143393 0.132612 0.032960 0.048782
29 0.936085 0.148538 0.045624 0.037683
29 0.932029 0.185056 0.046927 0.038668
29 0.932708 0.228568 0.035518 0.052037
26 0.924851 0.271800 0.045311 0.038323
26 0.925410 0.312410 0.034198 0.049763
26 0.915773 0.356261 0.045620 0.037361
9 0.153942 0.945923 0.052624 0.077401
10 0.196950 0.946687 0.047124 0.075714
11 0.241890 0.947639 0.050695 0.077696
13 0.284745 0.947917 0.048771 0.078314
14 0.328241 0.948366 0.046180 0.077311
15 0.372384 0.948662 0.046207 0.079244
16 0.415708 0.949914 0.046484 0.076027
16 0.458572 0.949548 0.047809 0.078622
18 0.501905 0.950155 0.048766 0.077992
19 0.545724 0.950608 0.043634 0.079530
20 0.586806 0.950862 0.049746 0.078972
21 0.633028 0.952315 0.049447 0.080578
23 0.677158 0.953578 0.050745 0.081240
8 0.732908 0.953393 0.051425 0.083827
32 0.370856 0.436918 0.043687 0.037334
18 0.368869 0.475237 0.044672 0.038636
27 0.366755 0.511138 0.044649 0.037025
8 0.366180 0.546416 0.044501 0.037989
0 0.363327 0.583272 0.042385 0.036349
2 0.361712 0.618052 0.044649 0.037025
11 0.325912 0.436288 0.044018 0.037983
25 0.324769 0.471880 0.045311 0.038323
2 0.322961 0.508913 0.043351 0.036363
12 0.320688 0.544650 0.046278 0.038336
0 0.317933 0.580219 0.044340 0.037987
14 0.316005 0.614350 0.047839 0.034815
33 0.280326 0.435488 0.043011 0.035069
0 0.279006 0.472206 0.044658 0.037669
8 0.278334 0.508610 0.044318 0.036376
14 0.276563 0.543065 0.046269 0.037692
31 0.403987 0.671170 0.033830 0.046537
32 0.437498 0.671318 0.033186 0.046528
32 0.468922 0.670953 0.035455 0.047526
30 0.503241 0.670950 0.033848 0.047826
33 0.535919 0.673019 0.031638 0.051016
32 0.569594 0.673008 0.033218 0.048783
10 0.576014 0.720790 0.035133 0.047521
7 0.538169 0.719454 0.041168 0.041486
19 0.499945 0.722141 0.033884 0.050403
9 0.465973 0.720376 0.037392 0.047875
0 0.432670 0.716848 0.031938 0.049409
18 0.401859 0.719477 0.034833 0.049128
28 0.397699 0.763405 0.036725 0.046255
5 0.430062 0.764986 0.035772 0.047208
10 0.622487 0.623802 0.045924 0.036077
31 0.624595 0.588384 0.045271 0.035423
17 0.628477 0.552831 0.046233 0.035115
13 0.629466 0.516754 0.046573 0.036408
8 0.632065 0.480699 0.046895 0.036412
12 0.635645 0.443691 0.045275 0.035745
17 0.667286 0.623302 0.045275 0.035745
23 0.711731 0.625053 0.045942 0.037365
2 0.714814 0.589005 0.048493 0.035468
1 0.672159 0.551510 0.045275 0.035745
1 0.720027 0.515928 0.048556 0.039979
19 0.677366 0.478917 0.045253 0.034134
31 0.679308 0.443820 0.044322 0.036698
27 0.674584 0.516419 0.047244 0.038350
27 0.669226 0.588366 0.044958 0.036063
30 0.717582 0.552469 0.043369 0.037651
31 0.593005 0.393629 0.035491 0.050103
4 0.559478 0.394609 0.035495 0.050426
4 0.526475 0.392696 0.037102 0.050126
29 0.492955 0.393193 0.035151 0.048810
28 0.457989 0.393348 0.036162 0.052046
11 0.425138 0.392082 0.034198 0.049763
9 0.429033 0.344122 0.037447 0.051741
1 0.462229 0.343782 0.036798 0.051410
12 0.495243 0.344889 0.034542 0.051379
26 0.531205 0.342654 0.036158 0.051723
10 0.562604 0.344061 0.035836 0.051719
16 0.598699 0.343761 0.036494 0.052694
28 0.601010 0.293846 0.036448 0.049473
15 0.566528 0.294007 0.037093 0.049482
27 0.532372 0.293850 0.037710 0.047558
15 0.498393 0.292569 0.033535 0.048465
13 0.465025 0.293712 0.034511 0.049123
13 0.431986 0.294377 0.032877 0.047490
