33 0.054206 0.917960 0.093956 0.153657
32 0.156481 0.916492 0.098850 0.146806
10 0.315031 0.764792 0.137998 0.107658
31 0.319925 0.657134 0.136040 0.105700
17 0.330201 0.548987 0.138977 0.104722
13 0.331670 0.439371 0.139955 0.108637
8 0.338031 0.329756 0.140934 0.108637
12 0.347329 0.217205 0.136040 0.106679
17 0.451072 0.761366 0.136040 0.106679
23 0.586134 0.764792 0.137998 0.111573
2 0.593963 0.655177 0.145828 0.105700
1 0.462816 0.543115 0.136040 0.106679
1 0.606687 0.433010 0.145828 0.119402
19 0.475540 0.322416 0.136040 0.101786
31 0.479944 0.215737 0.133104 0.109615
27 0.468689 0.436435 0.141913 0.114509
27 0.455476 0.655177 0.135062 0.107658
30 0.600814 0.544093 0.130168 0.112551
31 0.215693 0.071167 0.105700 0.142334
4 0.113907 0.073614 0.105700 0.147227
4 0.034443 0.071167 0.068886 0.142334
