30 0.076215 0.853133 0.105626 0.150748
33 0.180303 0.858261 0.098448 0.161003
32 0.287468 0.856722 0.103575 0.153825
10 0.453599 0.697770 0.144595 0.112805
31 0.458726 0.584965 0.142544 0.110754
17 0.469494 0.471648 0.145621 0.109728
13 0.471032 0.356792 0.146646 0.113830
8 0.477698 0.241936 0.147672 0.113830
12 0.487440 0.124003 0.142544 0.111779
17 0.596143 0.694181 0.142544 0.111779
23 0.737662 0.697770 0.144595 0.116907
2 0.745866 0.582914 0.152799 0.110754
1 0.608449 0.465495 0.142544 0.111779
1 0.759197 0.350126 0.152799 0.125111
19 0.621781 0.234244 0.142544 0.106652
31 0.626395 0.122465 0.139468 0.114856
27 0.614602 0.353715 0.148697 0.119983
27 0.600758 0.582914 0.141519 0.112805
30 0.753044 0.466520 0.136391 0.117932
