22 0.307260 0.120509 0.036926 0.047904
22 0.273328 0.120758 0.034930 0.052395
22 0.234163 0.114348 0.043929 0.036765
25 0.189668 0.114348 0.043929 0.033560
25 0.149698 0.120287 0.032994 0.048077
25 0.117081 0.120192 0.032240 0.048265
29 0.908784 0.125000 0.045045 0.037001
29 0.905245 0.161519 0.046332 0.037967
29 0.906532 0.204955 0.034749 0.051480
26 0.899292 0.248230 0.044723 0.037645
26 0.900418 0.288771 0.033462 0.049228
26 0.891409 0.332690 0.045045 0.036680
32 0.138996 0.932111 0.051480 0.076577
10 0.181950 0.932272 0.046010 0.074968
11 0.226834 0.932593 0.049550 0.076898
13 0.269627 0.932272 0.047619 0.077542
14 0.313063 0.932111 0.045045 0.076577
15 0.357143 0.931789 0.045045 0.078507
16 0.400418 0.932432 0.045367 0.075290
16 0.443211 0.931467 0.046654 0.077864
18 0.486486 0.931467 0.047619 0.077220
19 0.530245 0.931306 0.042471 0.078829
20 0.571268 0.930985 0.048584 0.078185
21 0.617439 0.931789 0.048263 0.079794
23 0.661519 0.932432 0.049550 0.080438
8 0.717181 0.931467 0.050193 0.083012
32 0.348456 0.420849 0.043115 0.036680
18 0.347008 0.459138 0.044080 0.037967
27 0.345399 0.495013 0.044080 0.036358
8 0.345319 0.530245 0.043919 0.037323
0 0.342986 0.567085 0.041828 0.035714
2 0.341860 0.601834 0.044080 0.036358
11 0.303571 0.420849 0.043436 0.037323
25 0.302928 0.456403 0.044723 0.037645
2 0.301641 0.493404 0.042793 0.035714
12 0.299871 0.529118 0.045689 0.037645
0 0.297619 0.564672 0.043758 0.037323
14 0.296171 0.598777 0.047297 0.034106
31 0.258044 0.420689 0.042471 0.034427
0 0.257239 0.457368 0.044080 0.037001
8 0.257079 0.493726 0.043758 0.035714
14 0.255792 0.528153 0.045689 0.037001
31 0.384813 0.654279 0.033140 0.046010
32 0.418275 0.653958 0.032497 0.046010
32 0.449646 0.653153 0.034749 0.046976
30 0.483912 0.652671 0.033140 0.047297
33 0.516570 0.654279 0.030888 0.050515
32 0.550193 0.653797 0.032497 0.048263
10 0.557272 0.701416 0.034427 0.046976
7 0.519466 0.700611 0.040541 0.040862
19 0.481338 0.703829 0.033140 0.049871
9 0.447394 0.702542 0.036680 0.047297
0 0.414093 0.699485 0.031210 0.048906
18 0.383366 0.702542 0.034106 0.048584
28 0.379826 0.746461 0.036036 0.045689
5 0.412162 0.747587 0.035071 0.046654
10 0.602317 0.603925 0.045367 0.035393
31 0.603925 0.568533 0.044723 0.034749
17 0.607304 0.532979 0.045689 0.034427
13 0.607786 0.496943 0.046010 0.035714
8 0.609878 0.460907 0.046332 0.035714
12 0.612934 0.423906 0.044723 0.035071
17 0.647040 0.602799 0.044723 0.035071
23 0.691441 0.603925 0.045367 0.036680
2 0.694015 0.567889 0.047941 0.034749
1 0.650901 0.531049 0.044723 0.035071
1 0.698198 0.494852 0.047941 0.039254
19 0.655084 0.458494 0.044723 0.033462
31 0.656532 0.423423 0.043758 0.036036
27 0.652831 0.495978 0.046654 0.037645
27 0.648488 0.567889 0.044402 0.035393
30 0.696268 0.531371 0.042793 0.037001
31 0.569659 0.374517 0.034749 0.049550
4 0.536197 0.375965 0.034749 0.049871
4 0.503217 0.374517 0.036358 0.049550
29 0.469755 0.375483 0.034427 0.048263
28 0.434846 0.376126 0.035393 0.051480
11 0.402027 0.375322 0.033462 0.049228
32 0.405245 0.327381 0.036680 0.051158
1 0.438385 0.326577 0.036036 0.050837
12 0.471364 0.327220 0.033784 0.050837
26 0.507239 0.324485 0.035393 0.051158
10 0.538610 0.325450 0.035071 0.051158
16 0.574646 0.324646 0.035714 0.052124
28 0.576255 0.274775 0.035714 0.048906
15 0.541828 0.275418 0.036358 0.048906
27 0.507722 0.275740 0.037001 0.046976
15 0.473777 0.274936 0.032819 0.047941
13 0.440476 0.276544 0.033784 0.048584
13 0.407497 0.277671 0.032175 0.046976
