33 0.589030 0.271721 0.036230 0.051132
31 0.587591 0.323203 0.037193 0.053492
32 0.550205 0.323076 0.038617 0.054916
26 0.515414 0.322034 0.034851 0.054410
18 0.481328 0.320999 0.034376 0.053935
17 0.445588 0.320888 0.035321 0.054414
31 0.410543 0.321725 0.037668 0.053967
3 0.409347 0.372504 0.038110 0.051150
3 0.444153 0.371900 0.036248 0.053013
28 0.479180 0.372945 0.036741 0.055368
4 0.514927 0.372350 0.034851 0.054410
7 0.548289 0.375259 0.038608 0.053976
32 0.583091 0.375126 0.036745 0.055839
29 0.627976 0.426586 0.052095 0.038590
1 0.676668 0.424705 0.048794 0.037618
21 0.625518 0.461833 0.048812 0.039498
25 0.674190 0.462069 0.047397 0.039015
11 0.623513 0.498966 0.045502 0.037586
17 0.670772 0.499424 0.047872 0.039489
12 0.621042 0.535624 0.047872 0.039489
31 0.666635 0.538182 0.048790 0.037147
15 0.619719 0.575116 0.047835 0.035727
6 0.664388 0.576018 0.046913 0.037599
27 0.615817 0.613876 0.048347 0.039964
4 0.662138 0.614089 0.049771 0.041389
22 0.709171 0.613604 0.046922 0.038540
30 0.352230 0.418745 0.050670 0.037165
29 0.350926 0.456355 0.047867 0.039019
33 0.348663 0.495837 0.049766 0.040918
28 0.347833 0.532981 0.045028 0.037111
24 0.346070 0.569411 0.051634 0.039526
20 0.343834 0.606072 0.047890 0.041370
26 0.306375 0.419007 0.051182 0.041402
8 0.304137 0.455902 0.049278 0.039033
28 0.302819 0.494923 0.050237 0.040923
8 0.300336 0.532757 0.047899 0.042311
9 0.299730 0.571079 0.048319 0.037143
10 0.298433 0.607984 0.049301 0.041384
28 0.390796 0.661549 0.037627 0.049735
0 0.423712 0.661868 0.034814 0.050648
7 0.459453 0.661978 0.036682 0.049255
27 0.493068 0.663009 0.036207 0.048780
3 0.529048 0.662652 0.032929 0.050159
20 0.564081 0.662991 0.034367 0.052994
0 0.388167 0.709884 0.033586 0.046076
10 0.423424 0.711545 0.035541 0.051080
19 0.458189 0.711002 0.035225 0.048731
29 0.492366 0.710525 0.034619 0.046819
25 0.527039 0.711888 0.034194 0.048281
2 0.560021 0.713673 0.033902 0.048425
5 0.134646 0.945981 0.052356 0.076465
5 0.180035 0.946347 0.050471 0.078646
13 0.224098 0.947434 0.047971 0.077889
13 0.270740 0.947078 0.049722 0.077026
14 0.315393 0.947803 0.046792 0.077291
14 0.359169 0.948154 0.046351 0.077140
14 0.405508 0.948895 0.046514 0.078901
15 0.450166 0.948961 0.046358 0.077873
16 0.495336 0.949251 0.043422 0.077551
16 0.541744 0.950507 0.047687 0.078912
30 0.599132 0.949298 0.047325 0.079434
24 0.772243 0.944469 0.044246 0.033979
23 0.810461 0.940125 0.032846 0.044047
25 0.843743 0.939316 0.031527 0.044034
