33 0.608424 0.255855 0.037404 0.051439
31 0.605080 0.306259 0.038437 0.053787
32 0.568442 0.304730 0.039885 0.055236
26 0.534382 0.302401 0.036177 0.054598
18 0.501013 0.300106 0.035694 0.054115
17 0.465988 0.298654 0.036638 0.054620
31 0.431609 0.298157 0.038919 0.054270
3 0.428528 0.347881 0.039247 0.051528
3 0.462665 0.348598 0.037493 0.053282
28 0.496955 0.350937 0.038064 0.055608
4 0.532014 0.351698 0.036177 0.054598
7 0.564603 0.355803 0.039841 0.054314
32 0.598718 0.356980 0.038086 0.056068
29 0.640776 0.409103 0.052471 0.039752
1 0.688571 0.409090 0.049202 0.038676
21 0.637043 0.443557 0.049291 0.040519
25 0.684738 0.445617 0.047886 0.039992
11 0.633682 0.479876 0.045977 0.038521
17 0.679984 0.482100 0.048369 0.040475
12 0.629883 0.515712 0.048369 0.040475
31 0.674473 0.519932 0.049180 0.038215
15 0.627102 0.554368 0.048192 0.036789
6 0.670848 0.556931 0.047359 0.038587
27 0.621821 0.592211 0.048852 0.040957
4 0.667213 0.594161 0.050301 0.042406
22 0.713329 0.595452 0.047403 0.039509
30 0.370810 0.391056 0.051023 0.038304
29 0.368118 0.427869 0.048347 0.040014
33 0.364416 0.466480 0.050278 0.041945
28 0.362207 0.502855 0.045494 0.038038
24 0.359110 0.538494 0.052055 0.040652
20 0.355541 0.574341 0.048458 0.042317
26 0.325857 0.389589 0.051683 0.042472
8 0.322277 0.425667 0.049729 0.040080
28 0.319519 0.463862 0.050739 0.041967
8 0.315664 0.500850 0.048502 0.043239
9 0.313630 0.538387 0.048719 0.038193
10 0.310971 0.574509 0.049840 0.042384
28 0.399484 0.630480 0.038720 0.050123
0 0.431734 0.632029 0.036000 0.050912
7 0.466759 0.633481 0.037777 0.049618
27 0.499667 0.635754 0.037294 0.049136
3 0.534945 0.636756 0.034135 0.050363
20 0.569269 0.638405 0.035650 0.053194
0 0.395091 0.677755 0.034625 0.046388
10 0.429584 0.680708 0.036728 0.051363
19 0.463678 0.681481 0.036330 0.049050
29 0.497194 0.682299 0.035665 0.047155
25 0.531126 0.684937 0.035303 0.048571
2 0.563385 0.687927 0.035023 0.048701
5 0.137741 0.899629 0.054151 0.076856
5 0.182213 0.901693 0.052386 0.078922
13 0.225358 0.904414 0.049909 0.078086
13 0.271087 0.905818 0.051592 0.077306
14 0.314824 0.908207 0.048732 0.077456
14 0.357716 0.910195 0.048294 0.077291
14 0.403105 0.912664 0.048521 0.079023
15 0.446873 0.914406 0.048329 0.078010
16 0.491134 0.916388 0.045441 0.077584
16 0.536571 0.919363 0.049670 0.079078
30 0.592863 0.920334 0.049335 0.079575
24 0.762712 0.922107 0.044611 0.034941
23 0.800333 0.919286 0.033824 0.044373
25 0.832984 0.919744 0.032532 0.044311
