33 0.571558 0.280118 0.034420 0.048913
31 0.570652 0.329710 0.035326 0.051178
32 0.534647 0.329937 0.036685 0.052536
26 0.501132 0.329257 0.033062 0.052083
18 0.468297 0.328578 0.032609 0.051630
17 0.433877 0.328804 0.033514 0.052083
31 0.400136 0.329937 0.035779 0.051630
3 0.399457 0.378850 0.036232 0.048913
3 0.432971 0.377944 0.034420 0.050725
28 0.466712 0.378623 0.034873 0.052989
4 0.501132 0.377717 0.033062 0.052083
7 0.533288 0.380208 0.036685 0.051630
32 0.566803 0.379755 0.034873 0.053442
29 0.610507 0.428895 0.049819 0.036685
32 0.657382 0.426630 0.046649 0.035779
21 0.608469 0.462862 0.046649 0.037591
25 0.655344 0.462636 0.045290 0.037138
11 0.606884 0.498641 0.043478 0.035779
17 0.652400 0.498641 0.045743 0.037591
12 0.604846 0.533967 0.045743 0.037591
31 0.648777 0.536005 0.046649 0.035326
32 0.603940 0.572011 0.045743 0.033967
6 0.646966 0.572464 0.044837 0.035779
27 0.600543 0.609375 0.046196 0.038043
4 0.645154 0.609149 0.047554 0.039402
22 0.690444 0.608243 0.044837 0.036685
30 0.344882 0.423913 0.048460 0.035326
29 0.343976 0.460145 0.045743 0.037138
33 0.342165 0.498188 0.047554 0.038949
28 0.341712 0.533967 0.043025 0.035326
24 0.340353 0.569067 0.049366 0.037591
20 0.338542 0.604393 0.045743 0.039402
26 0.300725 0.424592 0.048913 0.039402
8 0.298913 0.460145 0.047101 0.037138
28 0.298007 0.497736 0.048007 0.038949
8 0.295969 0.534194 0.045743 0.040308
9 0.295743 0.571105 0.046196 0.035326
10 0.294837 0.606658 0.047101 0.039402
28 0.384284 0.657382 0.035779 0.047554
0 0.415987 0.657382 0.033062 0.048460
7 0.450408 0.657156 0.034873 0.047101
27 0.482790 0.657835 0.034420 0.046649
3 0.517437 0.657156 0.031250 0.048007
20 0.551178 0.657156 0.032609 0.050725
0 0.382203 0.703955 0.031921 0.044068
10 0.416172 0.705226 0.033757 0.048870
19 0.449647 0.704379 0.033475 0.046610
29 0.482556 0.703602 0.032910 0.044774
25 0.515960 0.704590 0.032486 0.046186
2 0.547740 0.706003 0.032203 0.046328
5 0.140254 0.933686 0.049718 0.073164
5 0.183969 0.933616 0.047881 0.075282
13 0.226412 0.934251 0.045480 0.074576
32 0.271328 0.933475 0.047175 0.073729
14 0.314336 0.933757 0.044350 0.074011
14 0.356497 0.933686 0.043927 0.073870
14 0.401130 0.933969 0.044068 0.075565
15 0.444138 0.933616 0.043927 0.074576
31 0.487641 0.933475 0.041102 0.074294
16 0.532345 0.934251 0.045198 0.075565
30 0.587600 0.932553 0.044844 0.076071
24 0.754267 0.926289 0.042302 0.032317
31 0.791031 0.921750 0.031227 0.042121
25 0.823076 0.920661 0.029956 0.042121
