11 0.549429 0.056266 0.081841 0.067349
17 0.635107 0.056266 0.086104 0.070759
12 0.545592 0.122762 0.086104 0.070759
31 0.628286 0.126598 0.087809 0.066496
15 0.543887 0.194373 0.086104 0.063939
6 0.624876 0.195226 0.084399 0.067349
27 0.537494 0.264706 0.086957 0.071611
4 0.621466 0.264280 0.089514 0.074169
22 0.706718 0.262575 0.084399 0.069054
33 0.051134 0.055413 0.089514 0.073316
28 0.050281 0.122762 0.080989 0.066496
24 0.047724 0.188832 0.092924 0.070759
20 0.044314 0.255328 0.086104 0.074169
28 0.130418 0.355072 0.067349 0.089514
0 0.190094 0.355072 0.062234 0.091219
7 0.254885 0.354646 0.065644 0.088662
27 0.315840 0.355925 0.064791 0.087809
3 0.381057 0.354646 0.058824 0.090367
20 0.444569 0.354646 0.061381 0.095482
0 0.126500 0.442738 0.060086 0.082951
10 0.190442 0.445131 0.063543 0.091991
19 0.253453 0.443536 0.063011 0.087737
29 0.315400 0.442074 0.061947 0.084280
25 0.378278 0.443935 0.061150 0.086939
2 0.438099 0.446594 0.060618 0.087205
14 0.078112 0.875174 0.082685 0.139050
14 0.162127 0.875706 0.082951 0.142240
15 0.243084 0.875042 0.082685 0.140379
16 0.324972 0.874776 0.077368 0.139847
16 0.409119 0.876238 0.085078 0.142240
30 0.513129 0.873040 0.084412 0.143193
24 0.826855 0.861250 0.079628 0.060831
23 0.896059 0.852706 0.058781 0.079286
25 0.956377 0.850656 0.056389 0.079286
