31 0.11877828 0.11217949 0.03355958 0.04430618
31 0.15280920 0.11274510 0.03337104 0.04581448
31 0.19334465 0.10680618 0.04430618 0.03431373
14 0.23180618 0.11123680 0.03337104 0.04468326
14 0.27224736 0.10539216 0.04411765 0.03299397
14 0.31127451 0.11114253 0.03242836 0.04374057
7 0.45335710 0.26032383 0.03312537 0.04560309
30 0.48833928 0.26032383 0.03446227 0.04649436
1 0.52332145 0.26017528 0.03371955 0.04679144
1 0.55919489 0.25920974 0.03416518 0.04664290
21 0.59321153 0.25854130 0.03327392 0.04708853
29 0.41867201 0.30637255 0.03327392 0.04768271
27 0.45328283 0.30726381 0.03505645 0.04887106
0 0.48759655 0.30592692 0.03416518 0.04857398
21 0.52235591 0.30659537 0.03654189 0.04872252
6 0.55800654 0.30637255 0.03446227 0.04708853
8 0.59313725 0.30637255 0.03431373 0.04768271
3 0.41770648 0.35464944 0.03431373 0.04723708
30 0.45216875 0.35568925 0.03490790 0.04812834
28 0.48752228 0.35494652 0.03342246 0.04812834
7 0.52280154 0.35561497 0.03683898 0.04827689
25 0.55778372 0.35383244 0.03461081 0.04649436
7 0.59298871 0.35427807 0.03371955 0.04619727
13 0.64146959 0.40132320 0.04420045 0.03631757
12 0.63978041 0.43707770 0.04476351 0.03462838
22 0.63992117 0.47297297 0.05011261 0.03716216
4 0.63963964 0.50999437 0.04617117 0.03575450
2 0.64048423 0.54504505 0.04504505 0.03941441
20 0.64006194 0.58051802 0.04701577 0.03716216
1 0.68693694 0.58206644 0.04617117 0.03631757
6 0.68764077 0.54574887 0.04814189 0.03631757
0 0.73451577 0.58262950 0.04786036 0.03631757
15 0.73353041 0.54645270 0.04645270 0.03547297
6 0.73367117 0.51069820 0.04729730 0.03716216
11 0.68820383 0.50900901 0.04532658 0.03716216
15 0.68707770 0.47283221 0.04588964 0.03462838
29 0.68707770 0.43665541 0.04532658 0.03603604
22 0.68693694 0.40160473 0.04842342 0.03519144
31 0.41145833 0.63400901 0.03406532 0.04673423
17 0.44552365 0.63372748 0.03631757 0.04786036
8 0.48155968 0.63288288 0.03406532 0.04729730
11 0.51604730 0.63414977 0.03434685 0.04645270
15 0.55250563 0.63302365 0.03406532 0.04926802
6 0.58741554 0.63344595 0.03350225 0.04842342
23 0.41033221 0.68186937 0.03406532 0.04729730
27 0.44510135 0.68369932 0.03547297 0.04757883
2 0.48578266 0.68201014 0.04420045 0.03519144
22 0.52463401 0.68215090 0.03519144 0.04729730
26 0.56207770 0.68285473 0.03237613 0.04757883
16 0.59600225 0.68369932 0.03603604 0.04926802
14 0.40976914 0.73127815 0.03575450 0.04645270
33 0.44594595 0.73113739 0.03490991 0.04617117
29 0.48212275 0.73085586 0.03519144 0.04898649
30 0.51717342 0.73085586 0.03434685 0.04617117
12 0.55222410 0.73057432 0.03293919 0.04504505
1 0.15216779 0.92750563 0.05095721 0.08248874
2 0.20101351 0.92666104 0.05236486 0.08136261
3 0.24746622 0.92652027 0.05067568 0.08277027
5 0.29420045 0.92722410 0.04954955 0.08248874
5 0.34135698 0.92708333 0.05039414 0.08220721
9 0.38851351 0.92609797 0.05123874 0.08248874
9 0.43792230 0.92666104 0.04926802 0.08417793
9 0.48451577 0.92609797 0.04898649 0.08361486
18 0.53336149 0.92525338 0.04757883 0.08417793
19 0.57995495 0.92567568 0.04645270 0.08333333
19 0.62725225 0.92497185 0.04757883 0.08474099
19 0.67567568 0.92567568 0.04870495 0.08220721
20 0.72311374 0.92595721 0.05067568 0.08277027
30 0.36373874 0.47269144 0.04504505 0.03378378
33 0.36359797 0.43651464 0.04588964 0.03406532
32 0.36430180 0.39977477 0.04617117 0.03603604
13 0.36233108 0.50802365 0.04617117 0.03631757
25 0.36036036 0.54377815 0.04363739 0.03519144
27 0.36120495 0.57925113 0.04532658 0.03519144
15 0.31784910 0.39850788 0.04476351 0.03519144
12 0.31615991 0.43398086 0.04476351 0.03350225
16 0.31587838 0.47029842 0.04701577 0.03406532
28 0.31503378 0.50605293 0.04532658 0.03519144
24 0.31418919 0.54222973 0.04532658 0.03603604
15 0.31461149 0.57826577 0.04842342 0.03772523
4 0.26998874 0.39907095 0.04532658 0.03631757
33 0.26872185 0.43510698 0.04673423 0.03462838
21 0.26900338 0.46945383 0.04560811 0.03519144
18 0.26858108 0.50563063 0.04532658 0.03603604
7 0.26731419 0.54180743 0.04617117 0.03519144
29 0.26675113 0.57882883 0.04617117 0.03434685
