31 0.118778 0.112179 0.033560 0.044306
31 0.152809 0.112745 0.033371 0.045814
32 0.193345 0.106806 0.044306 0.034314
14 0.231806 0.111237 0.033371 0.044683
14 0.272247 0.105392 0.044118 0.032994
14 0.311275 0.111143 0.032428 0.043741
7 0.453357 0.260324 0.033125 0.045603
30 0.488339 0.260324 0.034462 0.046494
1 0.523321 0.260175 0.033720 0.046791
1 0.559195 0.259210 0.034165 0.046643
21 0.593212 0.258541 0.033274 0.047089
29 0.418672 0.306373 0.033274 0.047683
27 0.453283 0.307264 0.035056 0.048871
0 0.487597 0.305927 0.034165 0.048574
21 0.522356 0.306595 0.036542 0.048723
6 0.558007 0.306373 0.034462 0.047089
8 0.593137 0.306373 0.034314 0.047683
3 0.417706 0.354649 0.034314 0.047237
30 0.452169 0.355689 0.034908 0.048128
28 0.487522 0.354947 0.033422 0.048128
7 0.522802 0.355615 0.036839 0.048277
25 0.557784 0.353832 0.034611 0.046494
7 0.592989 0.354278 0.033720 0.046197
13 0.641470 0.401323 0.044200 0.036318
12 0.639780 0.437078 0.044764 0.034628
22 0.639921 0.472973 0.050113 0.037162
4 0.639640 0.509994 0.046171 0.035755
2 0.640484 0.545045 0.045045 0.039414
20 0.640062 0.580518 0.047016 0.037162
1 0.686937 0.582066 0.046171 0.036318
6 0.687641 0.545749 0.048142 0.036318
0 0.734516 0.582630 0.047860 0.036318
15 0.733530 0.546453 0.046453 0.035473
6 0.733671 0.510698 0.047297 0.037162
11 0.688204 0.509009 0.045327 0.037162
15 0.687078 0.472832 0.045890 0.034628
29 0.687078 0.436655 0.045327 0.036036
22 0.686937 0.401605 0.048423 0.035191
31 0.411458 0.634009 0.034065 0.046734
17 0.445524 0.633727 0.036318 0.047860
8 0.481560 0.632883 0.034065 0.047297
11 0.516047 0.634150 0.034347 0.046453
15 0.552506 0.633024 0.034065 0.049268
31 0.587416 0.633446 0.033502 0.048423
23 0.410332 0.681869 0.034065 0.047297
27 0.445101 0.683699 0.035473 0.047579
2 0.485783 0.682010 0.044200 0.035191
22 0.524634 0.682151 0.035191 0.047297
26 0.562078 0.682855 0.032376 0.047579
16 0.596002 0.683699 0.036036 0.049268
31 0.409769 0.731278 0.035755 0.046453
33 0.445946 0.731137 0.034910 0.046171
29 0.482123 0.730856 0.035191 0.048986
30 0.517173 0.730856 0.034347 0.046171
12 0.552224 0.730574 0.032939 0.045045
1 0.152168 0.927506 0.050957 0.082489
2 0.201014 0.926661 0.052365 0.081363
3 0.247466 0.926520 0.050676 0.082770
5 0.294200 0.927224 0.049550 0.082489
5 0.341357 0.927083 0.050394 0.082207
9 0.388514 0.926098 0.051239 0.082489
9 0.437922 0.926661 0.049268 0.084178
9 0.484516 0.926098 0.048986 0.083615
18 0.533361 0.925253 0.047579 0.084178
19 0.579955 0.925676 0.046453 0.083333
19 0.627252 0.924972 0.047579 0.084741
19 0.675676 0.925676 0.048705 0.082207
20 0.723114 0.925957 0.050676 0.082770
30 0.363739 0.472691 0.045045 0.033784
33 0.363598 0.436515 0.045890 0.034065
32 0.364302 0.399775 0.046171 0.036036
13 0.362331 0.508024 0.046171 0.036318
25 0.360360 0.543778 0.043637 0.035191
27 0.361205 0.579251 0.045327 0.035191
15 0.317849 0.398508 0.044764 0.035191
12 0.316160 0.433981 0.044764 0.033502
16 0.315878 0.470298 0.047016 0.034065
28 0.315034 0.506053 0.045327 0.035191
24 0.314189 0.542230 0.045327 0.036036
15 0.314611 0.578266 0.048423 0.037725
4 0.269989 0.399071 0.045327 0.036318
33 0.268722 0.435107 0.046734 0.034628
21 0.269003 0.469454 0.045608 0.035191
18 0.268581 0.505631 0.045327 0.036036
7 0.267314 0.541807 0.046171 0.035191
29 0.266751 0.578829 0.046171 0.034347
