31 0.400694 0.455030 0.113551 0.155781
17 0.514246 0.454092 0.121059 0.159535
8 0.634366 0.451276 0.113551 0.157658
11 0.749324 0.455499 0.114490 0.154842
15 0.870852 0.451746 0.113551 0.164227
6 0.963607 0.453153 0.064452 0.161411
23 0.396941 0.614565 0.113551 0.157658
27 0.512838 0.620664 0.118243 0.158596
2 0.648442 0.615034 0.147335 0.117305
22 0.777947 0.615503 0.117305 0.157658
26 0.902759 0.617849 0.107920 0.158596
14 0.395064 0.779260 0.119182 0.154842
33 0.515653 0.778791 0.116366 0.153904
29 0.636242 0.777853 0.117305 0.163288
30 0.753078 0.777853 0.114490 0.153904
12 0.869914 0.776914 0.109797 0.150150
13 0.236937 0.047804 0.153904 0.095608
25 0.230368 0.154260 0.145458 0.117305
27 0.233183 0.272504 0.151089 0.117305
28 0.079279 0.043581 0.151089 0.087162
24 0.076464 0.149099 0.151089 0.120120
15 0.079289 0.269219 0.158577 0.125751
