14 0.434709 0.397154 0.035348 0.049699
11 0.467335 0.396627 0.037025 0.051774
29 0.502616 0.396246 0.035747 0.049300
32 0.536048 0.395293 0.036571 0.049726
13 0.574806 0.623095 0.046446 0.035683
8 0.576213 0.585733 0.049328 0.036970
7 0.577838 0.548980 0.053424 0.037877
3 0.576831 0.513100 0.049681 0.034532
2 0.458219 0.672825 0.036553 0.048911
19 0.426037 0.674974 0.034931 0.049282
22 0.393220 0.676116 0.039380 0.047751
6 0.359163 0.676471 0.035783 0.050931
25 0.317215 0.552162 0.043555 0.033988
24 0.317843 0.516450 0.045658 0.036888
29 0.315418 0.481011 0.047271 0.036109
15 0.316042 0.445095 0.046881 0.036915
0 0.123939 0.957730 0.052216 0.074938
9 0.168159 0.955720 0.050186 0.075300
12 0.210580 0.955382 0.046896 0.074004
12 0.253382 0.953812 0.046072 0.073578
13 0.295990 0.952655 0.047395 0.078091
15 0.340020 0.951261 0.045764 0.078054
17 0.383442 0.950085 0.046978 0.077674
17 0.426453 0.948714 0.044106 0.076794
18 0.470918 0.948535 0.047295 0.073605
27 0.513104 0.946774 0.042864 0.075951
29 0.556133 0.946219 0.043290 0.076776
32 0.597516 0.945089 0.044523 0.077211
33 0.642366 0.943881 0.051038 0.076949
26 0.696772 0.941235 0.055569 0.079089
