1 0.048695 0.822821 0.097390 0.193421
2 0.147221 0.825405 0.121811 0.198588
3 0.260173 0.824666 0.123287 0.195635
5 0.376078 0.823190 0.120334 0.194159
7 0.487922 0.825035 0.112214 0.188991
11 0.603458 0.824666 0.121811 0.194159
12 0.716041 0.824297 0.110737 0.197850
14 0.827885 0.820975 0.120334 0.203018
16 0.943627 0.823559 0.106721 0.199327
26 0.532217 0.126654 0.079731 0.109261
17 0.616377 0.125915 0.085637 0.109261
29 0.701645 0.127023 0.081945 0.112952
18 0.789127 0.130714 0.082684 0.118858
19 0.873656 0.129238 0.089328 0.114428
19 0.954701 0.125915 0.084574 0.118120
3 0.531479 0.245511 0.082684 0.112214
3 0.614163 0.245142 0.091543 0.118858
