27 0.183294 0.141383 0.036565 0.047495
27 0.143046 0.136239 0.044600 0.036504
27 0.103449 0.142254 0.037428 0.049167
14 0.480188 0.330740 0.036804 0.050124
17 0.515223 0.328725 0.035857 0.048951
10 0.550194 0.329135 0.037010 0.048976
3 0.585717 0.328379 0.034723 0.049849
29 0.585545 0.374538 0.035548 0.045255
28 0.550302 0.377595 0.036510 0.047120
1 0.514661 0.378238 0.035872 0.049643
11 0.479954 0.379438 0.035592 0.047332
4 0.445828 0.380741 0.035656 0.050330
17 0.410130 0.378731 0.035798 0.046183
29 0.634540 0.605655 0.048524 0.037462
7 0.683528 0.603228 0.047351 0.036514
12 0.681827 0.566686 0.048750 0.037236
8 0.633990 0.568973 0.046178 0.035567
10 0.633090 0.532068 0.047822 0.036986
2 0.633927 0.495473 0.048745 0.037005
14 0.633036 0.459029 0.049005 0.038394
17 0.633863 0.421973 0.046615 0.034424
11 0.581741 0.656741 0.034861 0.045471
28 0.546679 0.657487 0.035351 0.046865
14 0.511031 0.657784 0.036034 0.046419
4 0.476678 0.659322 0.036500 0.046659
13 0.441344 0.658112 0.035994 0.044573
14 0.407123 0.660456 0.036235 0.045040
6 0.356244 0.606498 0.045972 0.036716
25 0.355620 0.571780 0.046649 0.036038
33 0.356938 0.536097 0.050821 0.037049
30 0.356737 0.499524 0.048298 0.037687
9 0.355726 0.462852 0.046443 0.037187
9 0.356565 0.426372 0.046433 0.036726
0 0.308341 0.426706 0.044578 0.036225
0 0.152283 0.959755 0.058085 0.077991
2 0.201019 0.958968 0.056801 0.079563
6 0.247742 0.958200 0.056244 0.081101
8 0.295591 0.958069 0.053862 0.081361
8 0.343226 0.956648 0.053905 0.084204
10 0.390965 0.955426 0.053726 0.084520
16 0.439236 0.953393 0.050897 0.089031
17 0.486432 0.952389 0.051979 0.088323
19 0.533440 0.951206 0.048320 0.088245
20 0.581081 0.949643 0.051407 0.087214
24 0.630400 0.949509 0.054080 0.083979
26 0.678230 0.948217 0.045884 0.085451
26 0.726521 0.947098 0.053212 0.086155
31 0.917589 0.326687 0.044579 0.031592
31 0.923036 0.286859 0.038767 0.048619
31 0.916796 0.246364 0.046536 0.037579
32 0.916015 0.128961 0.046716 0.035296
32 0.921581 0.170042 0.034892 0.049223
32 0.916499 0.210892 0.046468 0.034376
