2 0.195117 0.927268 0.052364 0.075482
3 0.242853 0.926789 0.050230 0.076086
5 0.289063 0.927220 0.051147 0.076698
6 0.333597 0.926732 0.050539 0.077307
14 0.378129 0.927006 0.048103 0.078825
16 0.423727 0.927741 0.047191 0.080043
18 0.467803 0.927404 0.048714 0.079132
19 0.511728 0.926609 0.046274 0.079125
20 0.557785 0.926735 0.046880 0.077907
23 0.603995 0.926709 0.045361 0.080038
23 0.647614 0.926371 0.046572 0.076686
25 0.692906 0.927410 0.046882 0.078517
26 0.738810 0.928146 0.048405 0.077911
17 0.441219 0.651455 0.030951 0.044572
32 0.474388 0.652228 0.032520 0.047503
28 0.507561 0.651441 0.033291 0.044188
0 0.541123 0.651143 0.032513 0.044966
11 0.575269 0.651041 0.033684 0.044970
25 0.609413 0.652012 0.031730 0.043989
0 0.659600 0.601711 0.043600 0.032314
1 0.659497 0.567857 0.045751 0.033881
7 0.660569 0.532835 0.043411 0.034460
6 0.659880 0.499175 0.044194 0.035437
8 0.660366 0.464249 0.044581 0.034268
29 0.661630 0.430204 0.043413 0.035240
17 0.615517 0.382370 0.033285 0.042042
30 0.582441 0.383451 0.033487 0.044384
26 0.548685 0.383261 0.033485 0.043798
16 0.515705 0.384731 0.032316 0.044185
28 0.482144 0.384932 0.033490 0.045554
11 0.448974 0.384646 0.032708 0.045162
16 0.395804 0.598441 0.045333 0.033186
32 0.395461 0.564726 0.046636 0.032319
29 0.395119 0.530466 0.044904 0.035577
28 0.395430 0.496426 0.043159 0.033615
31 0.395851 0.461734 0.044463 0.033401
32 0.396053 0.427803 0.045114 0.032532
