4 0.103056 0.074722 0.033889 0.050278
5 0.137917 0.077083 0.035833 0.056667
3 0.178333 0.070972 0.048333 0.044444
18 0.411389 0.342083 0.036111 0.055556
33 0.445278 0.342639 0.037222 0.058889
32 0.480694 0.341667 0.039167 0.055833
27 0.515833 0.342083 0.036667 0.057222
2 0.550694 0.342361 0.037500 0.058889
30 0.587222 0.341944 0.036111 0.060278
19 0.586667 0.286944 0.037222 0.049722
8 0.551389 0.286111 0.036667 0.048056
28 0.636528 0.390972 0.046944 0.040556
5 0.638056 0.429444 0.047222 0.040278
32 0.636944 0.468472 0.047778 0.038333
18 0.636389 0.507917 0.046111 0.039444
28 0.637361 0.547639 0.048611 0.040000
19 0.684306 0.547500 0.047500 0.040278
0 0.685694 0.588056 0.045833 0.041944
18 0.637639 0.586528 0.049167 0.038333
1 0.585694 0.643194 0.035278 0.055000
12 0.549306 0.640833 0.036389 0.050833
19 0.514167 0.643750 0.038333 0.052778
27 0.478333 0.643611 0.035000 0.050833
9 0.442917 0.642639 0.035278 0.052778
30 0.408194 0.643472 0.036389 0.052778
31 0.408333 0.698333 0.037222 0.055833
4 0.443056 0.697917 0.036111 0.055556
0 0.478889 0.696806 0.034444 0.053889
25 0.515000 0.697500 0.033889 0.058056
33 0.358194 0.388194 0.048611 0.040556
28 0.358194 0.426806 0.048611 0.039444
25 0.357639 0.466111 0.049722 0.040278
29 0.358333 0.505972 0.049444 0.042222
30 0.359028 0.544306 0.050278 0.040000
7 0.357917 0.583750 0.049722 0.037778
9 0.309444 0.387639 0.045556 0.040000
0 0.308889 0.426111 0.046111 0.038056
18 0.310139 0.467153 0.046944 0.038194
24 0.724383 0.922068 0.047840 0.091667
23 0.672685 0.952623 0.046914 0.083642
17 0.625309 0.953241 0.045370 0.087963
22 0.579630 0.951852 0.045988 0.085185
21 0.532870 0.952932 0.047531 0.085494
16 0.487191 0.952778 0.046296 0.086420
16 0.441358 0.952315 0.049074 0.087963
15 0.395216 0.954321 0.049383 0.086420
14 0.349383 0.954475 0.052778 0.085494
13 0.302160 0.953858 0.054012 0.086111
6 0.258796 0.954475 0.046914 0.086728
5 0.209414 0.954167 0.041975 0.083642
4 0.165123 0.954784 0.058333 0.083642
24 0.074228 0.817593 0.035802 0.049383
25 0.078704 0.863117 0.047840 0.037346
26 0.079938 0.901080 0.049691 0.040432
