0 0.44633838 0.28623737 0.03611111 0.05580808
11 0.48093434 0.28573232 0.03611111 0.05328283
17 0.51704545 0.28699495 0.03560606 0.05378788
3 0.55252525 0.28724747 0.03383838 0.05328283
24 0.59286616 0.28699495 0.03434343 0.05176768
29 0.58762626 0.34053030 0.03535354 0.05833333
28 0.55189394 0.34002525 0.03560606 0.05681818
27 0.51553030 0.34090909 0.03712121 0.05606061
15 0.48055556 0.34065657 0.03535354 0.05656566
7 0.44494949 0.34179293 0.03636364 0.05782828
19 0.40959596 0.34229798 0.03737374 0.05732323
13 0.63674242 0.39103535 0.04570707 0.04040404
13 0.63648990 0.43005051 0.04823232 0.03964646
27 0.63712121 0.47032828 0.04898990 0.03989899
31 0.63623737 0.50896465 0.04823232 0.04242424
29 0.63648990 0.54760101 0.04873737 0.04141414
30 0.63686869 0.58737374 0.04848485 0.04015152
0 0.68459596 0.58813131 0.04797980 0.04166667
19 0.68446970 0.54595960 0.04772727 0.03964646
20 0.68459596 0.50694444 0.04898990 0.03939394
26 0.68396465 0.46792929 0.04974747 0.04015152
18 0.68295455 0.42853535 0.04873737 0.03813131
27 0.68270202 0.38914141 0.05025253 0.03964646
22 0.73333333 0.58750000 0.05000000 0.04040404
2 0.16489899 0.95467172 0.05631313 0.08611111
4 0.21010101 0.95416667 0.05479798 0.08560606
5 0.25770202 0.95416667 0.05202020 0.08661616
5 0.30303030 0.95366162 0.05227273 0.08712121
6 0.34962121 0.95378788 0.05252525 0.08737374
16 0.39558081 0.95328283 0.05000000 0.08838384
20 0.44078283 0.95353535 0.04949495 0.08737374
25 0.48737374 0.95340909 0.04671717 0.08863636
14 0.70252525 0.94406566 0.03838384 0.05176768
14 0.74431818 0.95000000 0.04772727 0.04040404
14 0.78510101 0.94356061 0.03484848 0.05328283
1 0.82007576 0.94482323 0.03712121 0.05176768
1 0.86085859 0.94974747 0.04797980 0.04191919
1 0.90033613 0.94589135 0.03754095 0.05491400
32 0.40815519 0.64261679 0.03642122 0.05285036
30 0.44338876 0.64301267 0.03840063 0.05324624
30 0.47733571 0.64261679 0.03661916 0.05324624
29 0.51316310 0.64212193 0.03661916 0.05027712
8 0.54879256 0.64251781 0.03899446 0.05027712
21 0.58471892 0.64251781 0.03681710 0.05106888
9 0.40845210 0.69487332 0.03701504 0.05364212
0 0.44398258 0.69497229 0.03562945 0.05423595
25 0.47842439 0.69675376 0.03760887 0.05542359
17 0.51286619 0.69615994 0.03602534 0.05542359
10 0.54809976 0.69655582 0.03681710 0.05740301
28 0.58363025 0.69596200 0.03622328 0.05581948
33 0.40825416 0.74841647 0.03503563 0.05463183
18 0.35802469 0.38833774 0.04960317 0.03946208
8 0.35670194 0.42768959 0.05004409 0.04100529
2 0.35681217 0.46715168 0.04805996 0.04056437
3 0.35813492 0.50617284 0.04629630 0.04056437
26 0.35769400 0.54640653 0.05026455 0.03902116
16 0.35593034 0.58487654 0.04938272 0.03880071
25 0.31018519 0.54519400 0.04695767 0.04144621
13 0.31062610 0.50330688 0.04739859 0.03924162
10 0.30897266 0.46483686 0.04805996 0.03858025
15 0.30930335 0.42570547 0.04695767 0.03747795
11 0.31018519 0.38723545 0.04563492 0.03769841
