0 0.450500 0.261720 0.037032 0.056985
11 0.485713 0.261036 0.037019 0.054414
17 0.522477 0.262145 0.036508 0.054926
3 0.558594 0.262228 0.034706 0.054403
24 0.599656 0.261773 0.035213 0.052864
29 0.594585 0.316293 0.036273 0.059552
28 0.558210 0.315954 0.036523 0.058011
27 0.521200 0.317032 0.038061 0.057247
15 0.485597 0.316946 0.036264 0.057752
7 0.449359 0.318278 0.037299 0.059043
19 0.413374 0.318965 0.038324 0.058533
13 0.644829 0.367462 0.046724 0.041352
13 0.644763 0.407177 0.049291 0.040593
27 0.645603 0.448173 0.050063 0.040854
31 0.644893 0.487506 0.049304 0.043421
29 0.645340 0.526833 0.049814 0.042395
30 0.645920 0.567317 0.049550 0.041109
0 0.694506 0.567854 0.049044 0.042648
19 0.694171 0.524927 0.048777 0.040591
20 0.694108 0.485212 0.050061 0.040340
26 0.693274 0.445501 0.050836 0.041115
18 0.692053 0.405407 0.049797 0.039053
27 0.691603 0.365308 0.051347 0.040603
22 0.744114 0.566972 0.051094 0.041373
2 0.167297 0.943509 0.057744 0.087930
4 0.213307 0.942774 0.056200 0.087408
5 0.261760 0.942540 0.053377 0.088423
5 0.307898 0.941804 0.053636 0.088938
6 0.355324 0.941704 0.053895 0.089197
16 0.402105 0.940964 0.051329 0.090212
20 0.448118 0.940999 0.050810 0.089182
25 0.495543 0.940642 0.047989 0.090453
14 0.714503 0.930076 0.039325 0.052883
14 0.757073 0.935912 0.048780 0.041362
14 0.798555 0.929157 0.035734 0.054408
1 0.834163 0.930271 0.038040 0.052877
1 0.875700 0.935083 0.049045 0.042906
1 0.915866 0.930965 0.038483 0.056082
32 0.413381 0.624671 0.037333 0.053976
30 0.449247 0.624901 0.039350 0.054388
30 0.483801 0.624332 0.037536 0.054380
29 0.520267 0.623652 0.037522 0.051357
8 0.556537 0.623881 0.039940 0.051369
21 0.593107 0.623704 0.037727 0.052164
9 0.413939 0.677862 0.037941 0.054785
0 0.450107 0.677789 0.036534 0.055382
25 0.485174 0.679433 0.038554 0.056601
17 0.520230 0.678660 0.036943 0.056593
10 0.556097 0.678890 0.037758 0.058612
28 0.592261 0.678111 0.037146 0.056997
33 0.414000 0.732366 0.035931 0.055782
18 0.361105 0.366083 0.050685 0.040412
8 0.359952 0.406146 0.051142 0.041985
2 0.360257 0.446315 0.049120 0.041527
3 0.361795 0.486028 0.047325 0.041518
26 0.361544 0.526985 0.051356 0.039967
16 0.359937 0.566153 0.050458 0.039738
25 0.313178 0.525984 0.048002 0.042419
13 0.313421 0.483344 0.048440 0.040177
10 0.311549 0.444193 0.049110 0.039507
15 0.311694 0.404359 0.047983 0.038380
11 0.312403 0.365195 0.046637 0.038598
