0 0.481438 0.268226 0.039586 0.059599
11 0.517694 0.268787 0.039507 0.056954
17 0.555482 0.271248 0.038993 0.057467
3 0.592641 0.272630 0.037126 0.056882
24 0.634907 0.273637 0.037607 0.055311
29 0.627732 0.329552 0.038872 0.062220
28 0.590317 0.327897 0.039089 0.060641
27 0.552196 0.327677 0.040652 0.059895
15 0.515567 0.326311 0.038816 0.060369
7 0.478233 0.326379 0.039914 0.061723
19 0.441183 0.325794 0.040956 0.061226
13 0.677591 0.384005 0.049153 0.043765
13 0.676098 0.424867 0.051774 0.043051
27 0.675490 0.467079 0.052576 0.043339
31 0.673347 0.507525 0.051862 0.045961
29 0.672394 0.548006 0.052359 0.044918
30 0.671538 0.589681 0.052055 0.043588
0 0.721510 0.591978 0.051573 0.045159
19 0.722706 0.547798 0.051245 0.043035
20 0.724068 0.506932 0.052560 0.042810
26 0.724636 0.466042 0.053377 0.043628
18 0.724819 0.424744 0.052256 0.041480
27 0.725795 0.383469 0.053891 0.043114
22 0.772584 0.592853 0.053650 0.043900
2 0.165559 0.956165 0.061703 0.085170
4 0.212926 0.956757 0.060100 0.083987
5 0.262790 0.957264 0.057222 0.082972
5 0.310289 0.957579 0.057503 0.082342
6 0.359090 0.958311 0.057775 0.080878
16 0.407251 0.958526 0.055162 0.080448
20 0.454594 0.959639 0.054601 0.078222
25 0.503403 0.959998 0.051731 0.077504
14 0.729077 0.965398 0.041840 0.055438
14 0.772670 0.972931 0.051269 0.043829
14 0.815594 0.967471 0.038184 0.056914
1 0.852192 0.969895 0.040517 0.055398
1 0.894758 0.976188 0.051581 0.045123
1 0.936234 0.971470 0.041056 0.054561
32 0.430211 0.640344 0.039818 0.056510
30 0.467107 0.641869 0.041904 0.056987
30 0.502680 0.642524 0.040038 0.056931
29 0.540226 0.643134 0.039944 0.053821
8 0.577537 0.644672 0.042432 0.053896
21 0.615171 0.645803 0.040176 0.054657
9 0.428876 0.695094 0.040465 0.057358
0 0.466092 0.696317 0.039032 0.057937
25 0.502115 0.699269 0.041143 0.059243
17 0.538213 0.699732 0.039484 0.059193
10 0.575109 0.701257 0.040376 0.061292
28 0.612347 0.701754 0.039704 0.059614
33 0.426981 0.751176 0.038422 0.058333
18 0.385709 0.372398 0.053205 0.042901
8 0.383084 0.413579 0.053715 0.044531
2 0.381956 0.454920 0.051623 0.044007
3 0.382112 0.495838 0.049775 0.043951
26 0.380382 0.537970 0.053883 0.042460
16 0.377323 0.578214 0.052953 0.042201
25 0.330653 0.535203 0.050496 0.044896
13 0.332435 0.491339 0.050888 0.042600
10 0.331915 0.450988 0.051560 0.041928
15 0.333494 0.410007 0.050371 0.040739
11 0.335630 0.369736 0.048992 0.040928
