0 0.484975 0.299815 0.037004 0.055405
11 0.518543 0.300555 0.036914 0.052956
17 0.553518 0.303063 0.036442 0.053428
3 0.587917 0.304569 0.034710 0.052876
24 0.627048 0.305759 0.035146 0.051424
29 0.620063 0.357490 0.036359 0.057827
28 0.585428 0.355730 0.036550 0.056367
27 0.550132 0.355294 0.037992 0.055686
15 0.516223 0.353806 0.036296 0.056113
7 0.481653 0.353643 0.037320 0.057373
19 0.447350 0.352876 0.038282 0.056919
13 0.665900 0.408215 0.045762 0.040808
13 0.664268 0.446042 0.048184 0.040163
27 0.663448 0.485125 0.048928 0.040435
31 0.661218 0.522562 0.048283 0.042857
29 0.660089 0.560040 0.048737 0.041895
30 0.659043 0.598624 0.048447 0.040662
0 0.705301 0.601055 0.048011 0.042113
19 0.706678 0.560154 0.047694 0.040145
20 0.708187 0.522322 0.048910 0.039945
26 0.708961 0.484463 0.049671 0.040707
18 0.709382 0.446224 0.048620 0.038711
27 0.710538 0.408012 0.050143 0.040235
22 0.752588 0.602176 0.049925 0.040960
2 0.188280 0.938046 0.057672 0.085511
4 0.232134 0.939163 0.056185 0.084967
5 0.278296 0.940855 0.053527 0.085848
5 0.322273 0.941976 0.053790 0.086347
6 0.367451 0.943755 0.054044 0.086600
16 0.412040 0.944899 0.051631 0.087490
20 0.455867 0.946750 0.051105 0.086493
25 0.501054 0.948284 0.048456 0.087619
14 0.710036 0.946871 0.039064 0.051568
14 0.750355 0.954112 0.047721 0.040880
14 0.790134 0.949317 0.035689 0.052911
1 0.824007 0.951784 0.037840 0.051523
1 0.863383 0.958009 0.048020 0.042358
1 0.901804 0.955673 0.038359 0.054589
32 0.435277 0.644068 0.037199 0.052548
30 0.469432 0.645704 0.039133 0.053002
30 0.502367 0.646527 0.037405 0.052939
29 0.537129 0.647321 0.037300 0.050059
8 0.571668 0.648971 0.039603 0.050144
21 0.606509 0.650248 0.037520 0.050834
9 0.433708 0.694756 0.037803 0.053337
0 0.468161 0.696115 0.036481 0.053864
25 0.501499 0.699067 0.038442 0.055086
17 0.534921 0.699715 0.036907 0.055029
10 0.569075 0.701351 0.037745 0.056977
28 0.603553 0.702039 0.037113 0.055420
33 0.431612 0.746674 0.035919 0.054226
18 0.395700 0.395691 0.049507 0.040033
8 0.393019 0.433807 0.049989 0.041545
2 0.391723 0.472080 0.048050 0.041047
3 0.391619 0.509969 0.046339 0.040984
26 0.389761 0.548971 0.050133 0.039629
16 0.386683 0.586216 0.049270 0.039384
25 0.343731 0.546107 0.047012 0.041863
13 0.345647 0.505501 0.047361 0.039741
10 0.345411 0.468135 0.047979 0.039123
15 0.347123 0.430198 0.046871 0.038015
11 0.349346 0.392921 0.045596 0.038181
