0 0.446338 0.286237 0.036111 0.055808
11 0.480934 0.285732 0.036111 0.053283
17 0.517045 0.286995 0.035606 0.053788
3 0.552525 0.287247 0.033838 0.053283
24 0.592866 0.286995 0.034343 0.051768
29 0.587626 0.340530 0.035354 0.058333
28 0.551894 0.340025 0.035606 0.056818
27 0.515530 0.340909 0.037121 0.056061
15 0.480556 0.340657 0.035354 0.056566
7 0.444949 0.341793 0.036364 0.057828
19 0.409596 0.342298 0.037374 0.057323
13 0.636742 0.391035 0.045707 0.040404
14 0.636490 0.430051 0.048232 0.039646
27 0.637121 0.470328 0.048990 0.039899
31 0.636237 0.508965 0.048232 0.042424
13 0.636490 0.547601 0.048737 0.041414
30 0.636869 0.587374 0.048485 0.040152
0 0.684596 0.588131 0.047980 0.041667
19 0.684470 0.545960 0.047727 0.039646
20 0.684596 0.506944 0.048990 0.039394
26 0.683965 0.467929 0.049747 0.040152
18 0.682955 0.428535 0.048737 0.038131
27 0.682702 0.389141 0.050253 0.039646
22 0.733333 0.587500 0.050000 0.040404
2 0.164899 0.954672 0.056313 0.086111
4 0.210101 0.954167 0.054798 0.085606
5 0.257702 0.954167 0.052020 0.086616
5 0.303030 0.953662 0.052273 0.087121
6 0.349621 0.953788 0.052525 0.087374
16 0.395581 0.953283 0.050000 0.088384
20 0.440783 0.953535 0.049495 0.087374
25 0.487374 0.953409 0.046717 0.088636
14 0.702525 0.944066 0.038384 0.051768
14 0.744318 0.950000 0.047727 0.040404
14 0.785101 0.943561 0.034848 0.053283
1 0.820076 0.944823 0.037121 0.051768
1 0.860859 0.949747 0.047980 0.041919
1 0.900336 0.945891 0.037541 0.054914
32 0.408155 0.642617 0.036421 0.052850
30 0.443389 0.643013 0.038401 0.053246
30 0.477336 0.642617 0.036619 0.053246
29 0.513163 0.642122 0.036619 0.050277
8 0.548793 0.642518 0.038994 0.050277
21 0.584719 0.642518 0.036817 0.051069
9 0.408452 0.694873 0.037015 0.053642
0 0.443983 0.694972 0.035629 0.054236
25 0.478424 0.696754 0.037609 0.055424
17 0.512866 0.696160 0.036025 0.055424
10 0.548100 0.696556 0.036817 0.057403
28 0.583630 0.695962 0.036223 0.055819
33 0.408254 0.748416 0.035036 0.054632
18 0.358025 0.388338 0.049603 0.039462
8 0.356702 0.427690 0.050044 0.041005
2 0.356812 0.467152 0.048060 0.040564
3 0.358135 0.506173 0.046296 0.040564
26 0.357694 0.546407 0.050265 0.039021
16 0.355930 0.584877 0.049383 0.038801
25 0.310185 0.545194 0.046958 0.041446
13 0.310626 0.503307 0.047399 0.039242
10 0.308973 0.464837 0.048060 0.038580
15 0.309303 0.425705 0.046958 0.037478
11 0.310185 0.387235 0.045635 0.037698
