29 0.685078 0.056111 0.138262 0.112222
30 0.686152 0.166308 0.137546 0.113905
0 0.821549 0.168458 0.136113 0.118203
19 0.821191 0.052529 0.135397 0.105058
22 0.942671 0.166667 0.107565 0.114621
32 0.044490 0.323026 0.088981 0.149930
30 0.137273 0.324149 0.108938 0.151053
30 0.233576 0.323026 0.103884 0.151053
29 0.335214 0.321622 0.103884 0.142630
8 0.436291 0.322746 0.110623 0.142630
21 0.538210 0.322746 0.104446 0.144876
9 0.045333 0.471272 0.090666 0.152176
0 0.138958 0.471553 0.101076 0.153861
25 0.236665 0.476606 0.106692 0.157230
17 0.334372 0.474922 0.102200 0.157230
10 0.434326 0.476045 0.104446 0.162845
28 0.535121 0.474360 0.102761 0.158353
33 0.043648 0.623167 0.087296 0.154984
