0 0.448348 0.293777 0.037417 0.052732
11 0.483206 0.293647 0.036684 0.055266
17 0.518246 0.291921 0.039505 0.056317
3 0.554332 0.289375 0.036924 0.053735
24 0.590621 0.287903 0.038509 0.054731
29 0.592560 0.341498 0.038270 0.056261
28 0.555520 0.343468 0.038860 0.055671
27 0.519729 0.345692 0.037541 0.053763
15 0.484290 0.345424 0.038468 0.053805
7 0.448618 0.346869 0.040081 0.055418
19 0.412995 0.349395 0.039127 0.054759
13 0.644117 0.390702 0.048316 0.039763
13 0.646071 0.430837 0.049298 0.041039
27 0.647184 0.469463 0.049325 0.041657
31 0.649588 0.509269 0.049408 0.043509
29 0.651206 0.548800 0.049634 0.041671
30 0.652831 0.588486 0.051081 0.039578
0 0.700356 0.585736 0.049367 0.042583
19 0.699328 0.545560 0.048302 0.039454
20 0.697395 0.505888 0.049943 0.041684
26 0.695320 0.466531 0.052427 0.042104
18 0.692594 0.426431 0.052427 0.042104
27 0.689587 0.386962 0.051053 0.038961
22 0.749432 0.583072 0.049860 0.039832
21 0.602528 0.646590 0.038763 0.053510
8 0.567474 0.648007 0.037850 0.053777
29 0.531627 0.648995 0.037906 0.055012
30 0.496628 0.651647 0.042551 0.055529
30 0.460922 0.652320 0.037892 0.054703
32 0.424983 0.654705 0.038887 0.056289
28 0.604692 0.698318 0.039675 0.053243
10 0.568873 0.699924 0.038496 0.054422
17 0.534142 0.701636 0.038680 0.051657
25 0.498498 0.703698 0.039058 0.053215
0 0.463324 0.705894 0.039058 0.053215
9 0.427148 0.706434 0.039155 0.055376
33 0.429409 0.760324 0.037514 0.053146
18 0.362401 0.401014 0.049648 0.041979
8 0.363443 0.441499 0.048666 0.040703
2 0.366114 0.480364 0.049367 0.042583
3 0.368665 0.520009 0.049606 0.041053
26 0.369658 0.559414 0.049311 0.041348
16 0.370658 0.598973 0.049620 0.041362
25 0.321593 0.560486 0.049662 0.042288
10 0.316800 0.481183 0.049551 0.039818
13 0.320109 0.520484 0.047795 0.041896
15 0.315127 0.440417 0.047445 0.040956
11 0.314463 0.401461 0.048316 0.039763
14 0.736094 0.944592 0.037389 0.050366
14 0.777545 0.947839 0.048274 0.038836
14 0.818224 0.940755 0.037375 0.050058
1 0.854191 0.938987 0.036491 0.050943
1 0.895635 0.942080 0.046716 0.038458
1 0.935724 0.935641 0.036546 0.052178
2 0.189791 0.966487 0.058476 0.064527
4 0.241063 0.965190 0.057914 0.067120
5 0.287844 0.964453 0.057550 0.068593
5 0.331902 0.964102 0.056006 0.069297
6 0.380858 0.963605 0.057467 0.070291
16 0.427828 0.961822 0.053969 0.073856
20 0.473003 0.960993 0.051038 0.075513
25 0.518281 0.959969 0.052047 0.077563
