0 0.441005 0.293918 0.037375 0.053555
11 0.476926 0.294615 0.036558 0.056188
17 0.513074 0.293671 0.039445 0.057206
3 0.550319 0.291906 0.036842 0.054603
24 0.587748 0.291253 0.038455 0.055593
29 0.588469 0.346525 0.038171 0.057179
28 0.550255 0.347673 0.038794 0.056555
27 0.513321 0.349112 0.037479 0.054617
15 0.476810 0.347993 0.038434 0.054637
7 0.440019 0.348632 0.040061 0.056264
19 0.403251 0.350386 0.039092 0.055607
13 0.640423 0.398454 0.048939 0.039902
13 0.641481 0.439858 0.049922 0.041197
27 0.641708 0.479685 0.049936 0.041834
31 0.643237 0.520759 0.049977 0.043745
29 0.643963 0.561532 0.050254 0.041841
30 0.644692 0.602464 0.051798 0.039646
0 0.693729 0.600763 0.049956 0.042790
19 0.693626 0.559339 0.048932 0.039584
20 0.692579 0.518414 0.050573 0.041848
26 0.691379 0.477810 0.053128 0.042222
18 0.689524 0.436425 0.053128 0.042222
27 0.687365 0.395683 0.051785 0.039009
22 0.744362 0.599186 0.050531 0.039937
21 0.591475 0.661138 0.038746 0.054326
8 0.555320 0.661763 0.037797 0.054624
29 0.518359 0.661928 0.037825 0.055898
30 0.482232 0.663828 0.042609 0.056320
30 0.445423 0.663671 0.037818 0.055579
32 0.408334 0.665273 0.038808 0.057192
28 0.592473 0.714492 0.039694 0.054028
10 0.555526 0.715294 0.038448 0.055274
17 0.519697 0.716231 0.038704 0.052415
25 0.482919 0.717508 0.039057 0.054014
0 0.446623 0.718933 0.039057 0.054014
9 0.409333 0.718627 0.039106 0.056244
33 0.410380 0.774211 0.037465 0.053980
18 0.349889 0.402371 0.050261 0.042160
8 0.349998 0.444113 0.049278 0.040865
2 0.351825 0.484225 0.049956 0.042790
3 0.353510 0.525136 0.050240 0.041204
26 0.353595 0.565764 0.049929 0.041516
16 0.353684 0.606551 0.050247 0.041523
25 0.304042 0.565724 0.050268 0.042478
10 0.300991 0.483894 0.050213 0.039930
13 0.303465 0.524470 0.048350 0.042118
15 0.300238 0.441847 0.048011 0.041156
11 0.300481 0.401691 0.048939 0.039902
14 0.722009 0.971389 0.037403 0.051113
14 0.764644 0.975722 0.048918 0.038947
14 0.806730 0.969391 0.037396 0.050794
1 0.843833 0.968426 0.036461 0.051729
1 0.886465 0.972600 0.047318 0.038594
1 0.927927 0.966920 0.036489 0.053003
2 0.158285 0.973525 0.058285 0.050449
4 0.211165 0.972796 0.057675 0.051909
5 0.259419 0.972592 0.057329 0.052316
5 0.304835 0.972745 0.055737 0.052009
6 0.355326 0.972826 0.057288 0.051849
16 0.403757 0.971525 0.053569 0.054450
20 0.450388 0.971193 0.050627 0.055114
25 0.497070 0.970682 0.051624 0.056137
