2 0.143036 0.904402 0.060504 0.078185
2 0.188332 0.905050 0.056819 0.080968
2 0.233285 0.906242 0.050620 0.079513
3 0.277699 0.906871 0.049964 0.079719
3 0.322884 0.907517 0.051300 0.080409
18 0.368072 0.908052 0.050869 0.080840
18 0.412809 0.909019 0.049153 0.083006
19 0.457776 0.909550 0.049134 0.082124
20 0.503522 0.909767 0.048258 0.082325
20 0.547277 0.910271 0.045431 0.084027
22 0.592685 0.910812 0.048985 0.085425
23 0.637985 0.911239 0.047457 0.086053
23 0.684378 0.912132 0.050787 0.087226
29 0.389161 0.619635 0.037380 0.050876
31 0.423443 0.621284 0.036284 0.050489
27 0.456300 0.621631 0.036694 0.052675
33 0.491348 0.621480 0.034840 0.050821
6 0.525271 0.622940 0.038106 0.050891
6 0.557695 0.626546 0.037033 0.051594
0 0.388426 0.670460 0.036686 0.052312
13 0.421820 0.671182 0.035960 0.052296
32 0.456102 0.672831 0.035621 0.053377
11 0.490037 0.673746 0.036023 0.055200
9 0.522906 0.673548 0.034247 0.056976
29 0.610588 0.573579 0.047364 0.042747
33 0.612307 0.536030 0.049881 0.041713
17 0.611285 0.499330 0.048382 0.039503
0 0.612992 0.462326 0.048003 0.038770
1 0.613201 0.427468 0.049108 0.039519
1 0.613275 0.390428 0.046204 0.039456
11 0.657034 0.575309 0.048784 0.041326
9 0.657151 0.536273 0.050165 0.038091
17 0.657229 0.499052 0.051641 0.039211
3 0.657473 0.462561 0.048366 0.038778
5 0.660443 0.425947 0.050528 0.038099
31 0.342330 0.568509 0.045557 0.043071
27 0.342980 0.530029 0.048761 0.040237
15 0.344684 0.493206 0.047711 0.042029
12 0.344406 0.455614 0.049045 0.036615
12 0.346666 0.418258 0.048335 0.037326
31 0.345975 0.383018 0.048366 0.038778
28 0.302035 0.382976 0.046133 0.036190
8 0.300745 0.417448 0.045123 0.039796
16 0.299752 0.455012 0.046173 0.038004
16 0.298601 0.491484 0.048405 0.040592
28 0.567770 0.345141 0.035312 0.055910
28 0.568853 0.295049 0.036686 0.052312
10 0.535640 0.294332 0.036986 0.049416
33 0.535438 0.345713 0.036772 0.056305
32 0.501333 0.344250 0.033189 0.058404
29 0.466669 0.343501 0.036362 0.054119
9 0.432185 0.342755 0.037104 0.054861
14 0.397888 0.341833 0.037475 0.055231
8 0.502246 0.293610 0.034808 0.049369
4 0.467273 0.290312 0.037333 0.048698
