33 0.396656 0.364063 0.038318 0.053889
8 0.432653 0.366396 0.038962 0.055879
12 0.469168 0.367853 0.038978 0.056472
18 0.506301 0.368338 0.037726 0.053874
31 0.541955 0.368686 0.036728 0.053453
30 0.578636 0.371333 0.037907 0.053286
21 0.580657 0.320904 0.039170 0.048782
26 0.544034 0.319839 0.038167 0.048163
9 0.507036 0.317974 0.038764 0.048376
29 0.470244 0.315818 0.037414 0.049525
30 0.337153 0.402702 0.049317 0.037013
27 0.337592 0.438476 0.050512 0.037440
29 0.336387 0.472922 0.049540 0.038006
32 0.335465 0.507870 0.049904 0.036832
31 0.335502 0.543930 0.051104 0.037455
7 0.333666 0.579842 0.052195 0.041430
2 0.284821 0.506534 0.050091 0.036442
7 0.284799 0.469882 0.050065 0.035455
25 0.286602 0.435254 0.051109 0.037653
0 0.288324 0.399932 0.049883 0.036042
3 0.629236 0.415543 0.048885 0.035621
25 0.627257 0.449376 0.049441 0.034254
17 0.626325 0.484719 0.050304 0.037039
19 0.625725 0.518687 0.050044 0.034665
24 0.625019 0.552949 0.050112 0.037232
18 0.623586 0.588575 0.050335 0.038224
3 0.673132 0.590376 0.049904 0.036832
6 0.672695 0.554503 0.051052 0.035481
8 0.673086 0.520924 0.049213 0.033065
5 0.674982 0.486496 0.050486 0.036452
31 0.384911 0.629601 0.038162 0.047966
13 0.420838 0.630845 0.039746 0.048205
24 0.457654 0.632112 0.039585 0.049582
22 0.494620 0.635162 0.039362 0.048589
29 0.531864 0.635156 0.039185 0.049374
33 0.568446 0.637801 0.039004 0.049961
6 0.456365 0.680980 0.038427 0.050538
8 0.420079 0.678344 0.039191 0.049571
10 0.383533 0.678071 0.038042 0.050922
4 0.113957 0.905591 0.060646 0.077563
4 0.163051 0.905799 0.058126 0.079272
9 0.213179 0.908010 0.056884 0.077069
10 0.262951 0.908730 0.056905 0.077859
14 0.311624 0.909915 0.054338 0.077791
15 0.359995 0.911289 0.053169 0.078352
16 0.408956 0.912778 0.053595 0.079548
18 0.458019 0.914171 0.052005 0.079111
19 0.506507 0.914857 0.051018 0.079085
19 0.554998 0.915445 0.051242 0.080077
20 0.603482 0.916328 0.049475 0.080425
24 0.650668 0.917672 0.051060 0.080665
25 0.700900 0.919688 0.055191 0.080182
1 0.763127 0.920144 0.051263 0.080867
