33 0.422008 0.403719 0.035275 0.049860
8 0.455538 0.404362 0.035861 0.051707
12 0.489511 0.404169 0.035871 0.052258
18 0.524017 0.403048 0.034724 0.049850
31 0.557144 0.401862 0.033799 0.049465
30 0.591321 0.402767 0.034897 0.049303
21 0.591064 0.355848 0.036101 0.045105
26 0.557007 0.356409 0.035173 0.044536
9 0.522568 0.356243 0.035727 0.044730
29 0.488307 0.355799 0.034463 0.045807
30 0.368383 0.442122 0.045617 0.034092
27 0.370305 0.475327 0.046725 0.034481
29 0.370645 0.507368 0.045818 0.035014
32 0.371268 0.539864 0.046164 0.033919
31 0.372829 0.573351 0.047276 0.034491
7 0.372643 0.606780 0.048264 0.038181
2 0.324177 0.540767 0.046340 0.033556
7 0.322606 0.506729 0.046323 0.032638
25 0.322814 0.474493 0.047280 0.034675
0 0.322918 0.441617 0.046150 0.033185
3 0.640186 0.441683 0.045225 0.032800
25 0.639780 0.473188 0.045751 0.031526
17 0.640410 0.506050 0.046535 0.034110
19 0.641292 0.537622 0.046309 0.031903
24 0.642086 0.569472 0.046355 0.034290
18 0.642263 0.602618 0.046556 0.035212
3 0.688352 0.602193 0.046164 0.033919
6 0.686428 0.568896 0.047241 0.032655
8 0.685370 0.537695 0.045546 0.030421
5 0.685674 0.505641 0.046708 0.033563
31 0.422341 0.650823 0.035169 0.044353
13 0.455759 0.650457 0.036641 0.044564
24 0.490004 0.650076 0.036483 0.045846
22 0.524464 0.651343 0.036281 0.044925
29 0.559053 0.649761 0.036112 0.045655
33 0.593138 0.650668 0.035939 0.046203
6 0.490875 0.695514 0.035399 0.046743
8 0.457065 0.694601 0.036115 0.045839
10 0.423114 0.695895 0.035039 0.047103
4 0.182388 0.918605 0.055882 0.071728
4 0.227991 0.916720 0.053527 0.073334
9 0.274638 0.916652 0.052387 0.071294
10 0.320892 0.915214 0.052401 0.072028
14 0.366145 0.914254 0.050014 0.071982
15 0.411126 0.913483 0.048923 0.072512
16 0.456659 0.912793 0.049311 0.073620
18 0.502283 0.912009 0.047836 0.073225
19 0.547343 0.910594 0.046918 0.073207
19 0.592402 0.909087 0.047119 0.074129
20 0.637466 0.907855 0.045473 0.074464
24 0.681346 0.907105 0.046946 0.074676
25 0.728081 0.906852 0.050791 0.074199
1 0.785891 0.904641 0.047133 0.074863
