33 0.444883 0.412285 0.035699 0.049497
8 0.477572 0.411995 0.036320 0.051310
12 0.510670 0.410879 0.036345 0.051847
18 0.544263 0.408843 0.035163 0.049472
31 0.576509 0.406781 0.034252 0.049072
30 0.609837 0.406729 0.035316 0.048944
21 0.608304 0.361018 0.036373 0.044890
26 0.575133 0.362496 0.035454 0.044312
9 0.541571 0.363276 0.035999 0.044516
29 0.508176 0.363779 0.034798 0.045530
30 0.393680 0.451171 0.045334 0.034432
27 0.396461 0.483474 0.046424 0.034840
29 0.397668 0.514686 0.045555 0.035334
32 0.399163 0.546332 0.045862 0.034279
31 0.401599 0.578920 0.046960 0.034866
7 0.402333 0.611498 0.048023 0.038484
2 0.353303 0.548500 0.046024 0.033929
7 0.350841 0.515376 0.045982 0.033035
25 0.350163 0.483960 0.046968 0.035044
0 0.349365 0.451922 0.045828 0.033563
3 0.658515 0.443314 0.044917 0.033163
25 0.658980 0.474023 0.045394 0.031937
17 0.660493 0.506027 0.046228 0.034474
19 0.662215 0.536767 0.045948 0.032320
24 0.663859 0.567779 0.046058 0.034645
18 0.664938 0.600073 0.046279 0.035547
3 0.709836 0.598399 0.045862 0.034279
6 0.707051 0.566007 0.046876 0.033078
8 0.705167 0.535633 0.045165 0.030856
5 0.704587 0.504391 0.046381 0.033946
31 0.451962 0.653055 0.035446 0.044133
13 0.484515 0.651785 0.036884 0.044379
24 0.517873 0.650478 0.036765 0.045623
22 0.551485 0.650771 0.036544 0.044720
29 0.585146 0.648284 0.036399 0.045427
33 0.618384 0.648236 0.036245 0.045955
6 0.519964 0.694729 0.035734 0.046466
8 0.486994 0.694764 0.036407 0.045606
10 0.453947 0.696953 0.035394 0.046807
4 0.225471 0.920543 0.056355 0.071345
4 0.269855 0.917460 0.054107 0.072845
9 0.315306 0.916118 0.052941 0.070827
10 0.360337 0.913452 0.052975 0.071542
14 0.404405 0.911280 0.050651 0.071433
15 0.448214 0.909299 0.049603 0.071918
16 0.492563 0.907382 0.050011 0.073008
18 0.536998 0.905372 0.048564 0.072583
19 0.580866 0.902761 0.047670 0.072540
19 0.624731 0.900061 0.047891 0.073443
20 0.668608 0.897629 0.046299 0.073724
24 0.711344 0.895698 0.047738 0.073971
25 0.756876 0.894174 0.051467 0.073612
1 0.813145 0.890439 0.047925 0.074158
