33 0.419023 0.394231 0.035256 0.050528
8 0.453431 0.395551 0.035822 0.052413
12 0.488311 0.396022 0.035822 0.052979
18 0.523756 0.395551 0.034691 0.050528
31 0.557787 0.394985 0.033748 0.050151
30 0.592854 0.396587 0.034879 0.049962
21 0.593514 0.348416 0.036199 0.045626
26 0.558541 0.348322 0.035256 0.045060
9 0.523190 0.347474 0.035822 0.045249
29 0.488028 0.346342 0.034502 0.046380
30 0.363216 0.432598 0.046192 0.034125
27 0.364536 0.466723 0.047323 0.034502
29 0.364253 0.499623 0.046380 0.035068
32 0.364253 0.532994 0.046757 0.033937
31 0.365196 0.567402 0.047888 0.034502
32 0.364348 0.601716 0.048831 0.038273
2 0.315894 0.532994 0.046946 0.033560
7 0.314951 0.498020 0.046946 0.032617
25 0.315799 0.464932 0.047888 0.034691
0 0.316554 0.431184 0.046757 0.033182
3 0.642251 0.437500 0.045814 0.032805
25 0.641214 0.469834 0.046380 0.031486
17 0.641214 0.503582 0.047134 0.034125
19 0.641497 0.536011 0.046946 0.031863
24 0.641686 0.568722 0.046946 0.034314
18 0.641214 0.602753 0.047134 0.035256
3 0.688537 0.603224 0.046757 0.033937
6 0.687217 0.569005 0.047888 0.032617
8 0.686746 0.536953 0.046192 0.030354
5 0.687689 0.504054 0.047323 0.033560
31 0.414498 0.647907 0.035256 0.044872
13 0.448812 0.648190 0.036765 0.045060
32 0.483974 0.648473 0.036576 0.046380
22 0.519325 0.650452 0.036388 0.045437
29 0.554864 0.649510 0.036199 0.046192
33 0.589838 0.651112 0.036011 0.046757
6 0.483974 0.695136 0.035445 0.047323
8 0.449284 0.693533 0.036199 0.046380
10 0.414404 0.694193 0.035068 0.047700
4 0.162896 0.918081 0.055995 0.072587
4 0.209747 0.917044 0.053544 0.074284
9 0.257636 0.917892 0.052413 0.072210
10 0.305147 0.917327 0.052413 0.072964
14 0.351621 0.917232 0.049962 0.072964
15 0.397813 0.917327 0.048831 0.073529
16 0.444570 0.917515 0.049208 0.074661
32 0.491422 0.917609 0.047700 0.074284
19 0.537707 0.917044 0.046757 0.074284
32 0.583993 0.916384 0.046946 0.075226
20 0.630279 0.916007 0.045249 0.075603
24 0.675339 0.916101 0.046757 0.075792
25 0.723322 0.916761 0.050716 0.075226
1 0.782711 0.915630 0.046946 0.075980
