27 0.92581047 0.07990441 0.04883624 0.03990025
27 0.93017456 0.12427265 0.03678304 0.05091438
27 0.92497922 0.16874480 0.04551122 0.03886118
13 0.92456359 0.20698254 0.04467997 0.04010806
11 0.92497922 0.24667498 0.04509559 0.03886118
12 0.92851205 0.28802993 0.03678304 0.04675810
27 0.59039900 0.29125104 0.03470490 0.05444722
20 0.55475894 0.28938071 0.03408146 0.05320033
17 0.58832086 0.34372402 0.03512053 0.05257689
18 0.55320033 0.34330840 0.03678304 0.05340815
19 0.51735245 0.34330840 0.03657523 0.05340815
10 0.48254364 0.34393184 0.03595179 0.05257689
6 0.44752702 0.34393184 0.03532835 0.05423940
7 0.41261430 0.34393184 0.03615960 0.05423940
1 0.63809227 0.39110557 0.04779717 0.04010806
4 0.63757273 0.42986284 0.04592685 0.04280964
18 0.63663757 0.47090607 0.04717373 0.03969244
32 0.63642976 0.50987116 0.04800499 0.04073150
21 0.63580632 0.54977140 0.04904406 0.04114713
31 0.68277224 0.55060266 0.04945968 0.04114713
0 0.68360349 0.59039900 0.04821280 0.04260183
30 0.63507897 0.59008728 0.04966750 0.03990025
0 0.58198254 0.64640482 0.03595179 0.05361596
21 0.54790108 0.64702826 0.03595179 0.05403159
10 0.51142976 0.64671654 0.03740648 0.05631754
31 0.47714048 0.64723608 0.03615960 0.05320033
3 0.44181214 0.64754780 0.03615960 0.05382377
3 0.40762677 0.64682045 0.03512053 0.05361596
7 0.40721114 0.69835827 0.03678304 0.05236908
28 0.35847880 0.39089776 0.04571904 0.03948462
1 0.35723192 0.43079800 0.04821280 0.04114713
2 0.35723192 0.50935162 0.04571904 0.03990025
20 0.35816708 0.46934746 0.04675810 0.04052369
31 0.35806318 0.54977140 0.04655029 0.03969244
26 0.35608894 0.58707398 0.04551122 0.03657523
33 0.07917706 0.81442228 0.04696592 0.03823774
33 0.07387781 0.85743973 0.03678304 0.05112219
33 0.07917706 0.90315877 0.04862843 0.03906899
9 0.15887365 0.95334580 0.05423940 0.08707398
9 0.21020366 0.95334580 0.05299252 0.08790524
9 0.25613051 0.95272236 0.05340815 0.08707398
18 0.30268080 0.95407315 0.05049875 0.08395677
20 0.34850374 0.95542394 0.04862843 0.08333333
25 0.39339152 0.95511222 0.05070657 0.08270989
26 0.43801953 0.95563175 0.04686201 0.08208645
1 0.49927265 0.95459268 0.04779717 0.08541147
15 0.70428096 0.95012469 0.04530341 0.03823774
16 0.74459684 0.94472153 0.03449709 0.04945968
17 0.78023691 0.94440981 0.03512053 0.04800499
6 0.81992934 0.95033250 0.04509559 0.03865337
7 0.86024522 0.94565669 0.03553616 0.05133001
8 0.89484622 0.94503325 0.03532835 0.05133001
