9 0.174882 0.095023 0.106295 0.107975
17 0.288110 0.210351 0.078986 0.115958
18 0.366255 0.210771 0.078146 0.114278
29 0.445661 0.212451 0.079826 0.116798
5 0.521917 0.211191 0.076885 0.114278
19 0.599432 0.210771 0.079826 0.116798
28 0.678628 0.211191 0.081927 0.119319
16 0.445031 0.332611 0.083607 0.122680
10 0.365205 0.330300 0.082767 0.123941
21 0.286429 0.329040 0.075625 0.121420
6 0.057191 0.898747 0.114383 0.188222
7 0.157657 0.897696 0.118479 0.187802
7 0.260591 0.897696 0.113437 0.192003
8 0.362684 0.897906 0.110076 0.191583
8 0.466458 0.896436 0.108396 0.193684
10 0.566451 0.895176 0.105035 0.193684
12 0.672536 0.895596 0.102094 0.194524
23 0.773369 0.895386 0.100413 0.194104
24 0.872942 0.893915 0.100413 0.198725
25 0.959551 0.892025 0.075327 0.196625
27 0.797923 0.090854 0.108983 0.102530
19 0.902245 0.090137 0.109700 0.099662
