27 0.557786 0.371318 0.039561 0.060668
31 0.523303 0.370863 0.037345 0.062231
18 0.486448 0.368440 0.037958 0.060639
25 0.451340 0.367011 0.038925 0.060977
28 0.414462 0.365871 0.037591 0.058067
17 0.378522 0.363661 0.036443 0.057441
29 0.524024 0.312481 0.037207 0.054533
19 0.558989 0.312945 0.037201 0.054213
28 0.608153 0.416656 0.046898 0.040598
19 0.606320 0.456409 0.045936 0.040581
5 0.606411 0.496197 0.049476 0.041285
29 0.605698 0.536130 0.048852 0.042236
18 0.604524 0.574932 0.049149 0.040959
21 0.652247 0.615570 0.049768 0.039687
17 0.603510 0.613738 0.051074 0.040993
9 0.553086 0.670430 0.035924 0.054510
0 0.516675 0.670101 0.035661 0.057712
28 0.482822 0.670298 0.036594 0.056126
33 0.447250 0.667898 0.036554 0.053880
10 0.652459 0.576751 0.047826 0.038691
29 0.411950 0.668231 0.038232 0.058079
29 0.375731 0.666140 0.037539 0.055181
26 0.375256 0.719714 0.037837 0.053903
18 0.327699 0.606887 0.048216 0.042545
32 0.327126 0.567091 0.050753 0.040987
31 0.328449 0.528933 0.051360 0.039074
30 0.329005 0.488836 0.050421 0.040340
0 0.327624 0.449347 0.050719 0.039063
0 0.280981 0.411134 0.049808 0.041933
8 0.328140 0.411495 0.050478 0.043548
27 0.279772 0.451861 0.049499 0.042568
4 0.134543 0.961199 0.056996 0.075102
4 0.182670 0.961964 0.053737 0.073573
5 0.226269 0.962522 0.051847 0.072456
7 0.272624 0.962293 0.052202 0.072914
7 0.317211 0.962857 0.050902 0.071785
15 0.362113 0.963742 0.050232 0.070016
15 0.406062 0.963814 0.050243 0.069872
20 0.452084 0.964226 0.049934 0.069047
22 0.497478 0.964647 0.046389 0.068205
22 0.544489 0.963622 0.046772 0.070256
23 0.590049 0.963543 0.047740 0.070413
24 0.634640 0.963775 0.049023 0.069949
32 0.680816 0.964660 0.050937 0.068179
14 0.740147 0.965474 0.059270 0.066553
