17 0.589308 0.364277 0.036152 0.048100
9 0.553462 0.363358 0.033701 0.049939
30 0.519914 0.365349 0.034007 0.049020
32 0.483609 0.365043 0.036152 0.050245
29 0.449142 0.365196 0.037071 0.051164
7 0.637714 0.412990 0.046262 0.035233
31 0.637102 0.448836 0.046262 0.035846
9 0.636795 0.483609 0.046875 0.035539
0 0.637561 0.520833 0.046569 0.037071
32 0.637561 0.556679 0.046569 0.035846
29 0.635417 0.591605 0.047181 0.034620
29 0.513174 0.642157 0.032475 0.044730
28 0.407935 0.643536 0.035233 0.048100
32 0.441942 0.642463 0.037071 0.047181
17 0.477788 0.643689 0.035233 0.048407
11 0.548713 0.642770 0.036152 0.045956
16 0.583946 0.643842 0.036765 0.046875
32 0.358609 0.590227 0.046875 0.037071
11 0.357996 0.554228 0.047488 0.034926
27 0.358609 0.517923 0.046262 0.035846
10 0.358609 0.481464 0.045037 0.035846
32 0.359375 0.445466 0.047181 0.034926
10 0.358609 0.409773 0.046262 0.036458
31 0.075980 0.803156 0.036152 0.048100
31 0.081189 0.842984 0.046569 0.035846
31 0.081189 0.878983 0.046569 0.036765
3 0.154259 0.929228 0.057292 0.079657
4 0.203585 0.928922 0.054228 0.081495
5 0.250460 0.929075 0.054228 0.079963
6 0.298560 0.928462 0.052390 0.079963
10 0.343597 0.928462 0.053002 0.080576
11 0.390472 0.928002 0.049326 0.078431
13 0.437040 0.927696 0.047488 0.080270
14 0.484375 0.928156 0.048100 0.080882
18 0.530484 0.928462 0.046569 0.080882
19 0.578125 0.928922 0.045650 0.080882
22 0.624540 0.927543 0.047794 0.081189
22 0.670190 0.926930 0.047794 0.083027
23 0.719210 0.927696 0.049020 0.080882
