28 0.863967 0.218708 0.077223 0.105426
32 0.938504 0.216358 0.081252 0.103411
32 0.755855 0.101867 0.102740 0.081252
11 0.754512 0.030620 0.104083 0.061241
31 0.136395 0.568560 0.079237 0.105426
31 0.147811 0.655855 0.102068 0.078566
31 0.147811 0.734757 0.102068 0.080580
3 0.307964 0.844883 0.125571 0.174590
4 0.416076 0.844212 0.118856 0.178619
5 0.518815 0.844547 0.118856 0.175262
6 0.624241 0.843204 0.114827 0.175262
10 0.722952 0.843204 0.116170 0.176605
11 0.825692 0.842197 0.108112 0.171904
13 0.927760 0.841526 0.104083 0.175933
