19 0.820351 0.970930 0.051216 0.055640
3 0.182247 0.969150 0.062644 0.059200
4 0.234423 0.970040 0.053814 0.057421
6 0.281930 0.970394 0.052252 0.056713
6 0.329432 0.971005 0.052775 0.055489
7 0.377724 0.970841 0.051729 0.055817
16 0.424972 0.970938 0.047575 0.055624
17 0.471178 0.971024 0.051735 0.055451
17 0.519985 0.970342 0.050707 0.056816
17 0.568794 0.969659 0.050711 0.058182
20 0.617343 0.970012 0.052258 0.057476
21 0.664592 0.969848 0.049145 0.057804
24 0.714172 0.970464 0.049664 0.056572
26 0.760646 0.969515 0.051228 0.058470
9 0.436081 0.678582 0.039088 0.050519
33 0.472417 0.679840 0.041012 0.053396
32 0.509238 0.679506 0.036869 0.053698
27 0.546696 0.679175 0.037819 0.052108
1 0.582403 0.678358 0.037819 0.052108
13 0.618739 0.679616 0.037826 0.053702
9 0.436037 0.730543 0.038782 0.053706
16 0.672681 0.621809 0.049883 0.039404
31 0.723516 0.624399 0.050846 0.041002
29 0.672674 0.582758 0.050198 0.038449
10 0.672350 0.543547 0.051159 0.039728
17 0.672825 0.503701 0.050837 0.038771
10 0.673938 0.463538 0.048924 0.038763
6 0.671860 0.424320 0.049554 0.036853
0 0.621369 0.374551 0.039097 0.052751
8 0.582632 0.375834 0.037509 0.054338
28 0.545495 0.375529 0.039099 0.053388
30 0.507561 0.375221 0.038458 0.052429
7 0.470744 0.374599 0.038146 0.054022
27 0.433130 0.373974 0.040697 0.054351
8 0.584596 0.321968 0.037181 0.051787
15 0.621572 0.322591 0.038449 0.050198
30 0.383556 0.618923 0.047324 0.037163
30 0.383390 0.580031 0.047967 0.038441
29 0.383544 0.540503 0.047969 0.039078
0 0.382747 0.500014 0.047967 0.038441
9 0.382578 0.461760 0.047324 0.037163
8 0.381616 0.422386 0.050202 0.039406
31 0.333159 0.422834 0.047656 0.040671
5 0.333642 0.462524 0.048920 0.037807
