19 0.793863 0.965470 0.051378 0.066559
3 0.164563 0.960432 0.062665 0.076636
4 0.216009 0.961598 0.053945 0.074304
6 0.262861 0.962193 0.052395 0.073113
6 0.309692 0.963038 0.052921 0.071425
7 0.357334 0.963125 0.051868 0.071250
16 0.403930 0.963472 0.047772 0.070557
17 0.449491 0.963782 0.051890 0.069936
17 0.497627 0.963361 0.050902 0.070779
17 0.545774 0.962936 0.050917 0.071629
20 0.593661 0.963528 0.052416 0.070445
21 0.640261 0.963615 0.049351 0.070271
24 0.689147 0.964473 0.049864 0.068553
26 0.734993 0.963771 0.051422 0.069959
9 0.418011 0.667640 0.039063 0.050219
33 0.453835 0.669251 0.040989 0.053075
32 0.490153 0.669298 0.036907 0.053331
27 0.527099 0.669353 0.037828 0.051773
1 0.562323 0.668912 0.037828 0.051773
13 0.598147 0.670523 0.037850 0.053345
9 0.417438 0.718886 0.038793 0.053358
16 0.651936 0.614061 0.049595 0.039368
31 0.702046 0.617134 0.050560 0.040953
29 0.652328 0.575547 0.049896 0.038429
10 0.652408 0.536871 0.050857 0.039700
17 0.653282 0.497578 0.050529 0.038753
10 0.654790 0.457980 0.048643 0.038726
6 0.653141 0.419280 0.049245 0.036849
0 0.603852 0.369681 0.039094 0.052420
8 0.565634 0.370551 0.037545 0.053969
28 0.529011 0.369871 0.039103 0.053048
30 0.491602 0.369181 0.038461 0.052096
7 0.455298 0.368192 0.038169 0.053664
27 0.418207 0.367191 0.040688 0.054014
8 0.568121 0.317445 0.037194 0.051450
15 0.604582 0.318437 0.038429 0.049896
30 0.366817 0.608266 0.047048 0.037132
30 0.367050 0.569907 0.047695 0.038398
29 0.367606 0.530924 0.047704 0.039027
0 0.367232 0.490984 0.047695 0.038398
9 0.367455 0.453254 0.047048 0.037132
8 0.366909 0.414412 0.049909 0.039373
31 0.319114 0.414360 0.047412 0.040594
5 0.319184 0.453509 0.048629 0.037783
