3 0.155848 0.937113 0.064202 0.087979
4 0.204743 0.937865 0.061783 0.086346
5 0.257908 0.939980 0.056029 0.088452
10 0.305713 0.940216 0.057798 0.086684
11 0.354917 0.940274 0.055805 0.086852
12 0.403497 0.942019 0.051838 0.088388
12 0.453295 0.942485 0.053244 0.089008
14 0.502102 0.942437 0.052047 0.088989
18 0.552016 0.941807 0.051243 0.088578
18 0.600103 0.943145 0.049646 0.088553
21 0.649590 0.944305 0.052634 0.088200
22 0.700092 0.944383 0.052256 0.089591
23 0.751988 0.944682 0.054255 0.089821
22 0.507851 0.263428 0.037767 0.055649
15 0.545470 0.264006 0.038728 0.053269
25 0.583588 0.264592 0.039140 0.054074
31 0.620416 0.264660 0.039330 0.053478
16 0.620492 0.318158 0.038744 0.054267
29 0.583459 0.318387 0.037746 0.054252
10 0.545857 0.316711 0.039920 0.052889
17 0.508532 0.316537 0.039121 0.052876
10 0.471496 0.316965 0.038541 0.054065
6 0.434975 0.316404 0.038111 0.052063
13 0.672181 0.370853 0.050485 0.039284
1 0.670763 0.411154 0.050491 0.039683
27 0.669454 0.450858 0.051108 0.040890
32 0.669139 0.490777 0.050122 0.041673
33 0.668315 0.531386 0.052490 0.039914
9 0.666888 0.572286 0.052526 0.042308
9 0.717883 0.572770 0.049530 0.042063
26 0.718719 0.531362 0.049914 0.041071
7 0.718346 0.490735 0.051476 0.038900
16 0.719652 0.451231 0.050073 0.038480
28 0.720965 0.411228 0.049914 0.041071
0 0.376405 0.364354 0.050382 0.040537
8 0.374787 0.404556 0.051090 0.043214
28 0.374378 0.445553 0.051093 0.043436
30 0.373635 0.486657 0.049928 0.039864
7 0.372352 0.526752 0.051743 0.042336
27 0.371623 0.566967 0.050625 0.041874
15 0.324762 0.362449 0.050167 0.040978
8 0.324363 0.402891 0.050160 0.040534
2 0.324081 0.442891 0.051709 0.040114
2 0.322673 0.483873 0.051073 0.042103
20 0.321665 0.527751 0.037680 0.052338
8 0.424416 0.624118 0.038572 0.052573
9 0.461749 0.624358 0.039881 0.051039
0 0.498968 0.624820 0.038801 0.053021
29 0.537742 0.625305 0.039020 0.052803
30 0.577061 0.626465 0.038558 0.051685
30 0.614290 0.626259 0.039707 0.054146
31 0.423601 0.677110 0.039457 0.052365
5 0.460816 0.677794 0.039266 0.054361
14 0.497919 0.678586 0.038787 0.052132
23 0.536018 0.679617 0.037731 0.055670
15 0.574240 0.679871 0.038131 0.052789
