3 0.180155 0.966993 0.065584 0.063515
4 0.228994 0.966626 0.063140 0.064247
5 0.282160 0.965920 0.057430 0.065661
10 0.329886 0.965338 0.059166 0.066824
11 0.379002 0.964166 0.057179 0.069167
12 0.427574 0.963519 0.053244 0.070463
12 0.477300 0.962410 0.054658 0.072680
14 0.526014 0.961238 0.053462 0.075023
18 0.575804 0.959847 0.052652 0.077807
18 0.623865 0.959387 0.051057 0.078726
21 0.673315 0.958868 0.054035 0.079763
22 0.723726 0.957364 0.053681 0.082772
23 0.775539 0.956217 0.055681 0.085066
22 0.499553 0.290582 0.038645 0.056203
15 0.537129 0.289376 0.039565 0.053843
25 0.575203 0.288153 0.039989 0.054653
31 0.611966 0.286474 0.040169 0.054061
16 0.614578 0.339869 0.039597 0.054839
29 0.577626 0.341853 0.038600 0.054807
10 0.540014 0.341964 0.040748 0.053482
17 0.502750 0.343559 0.039951 0.053457
10 0.465804 0.345743 0.039391 0.054634
6 0.429325 0.346915 0.038928 0.052627
13 0.668669 0.390014 0.051071 0.040073
1 0.669165 0.430307 0.051084 0.040472
27 0.669741 0.469998 0.051720 0.041687
32 0.671320 0.509857 0.050749 0.042453
33 0.672424 0.550430 0.053084 0.040735
9 0.672939 0.591321 0.053160 0.043127
9 0.723861 0.589386 0.050164 0.042832
26 0.722732 0.548016 0.050531 0.041848
7 0.720433 0.507482 0.052055 0.039707
16 0.719863 0.467990 0.050647 0.039263
28 0.719277 0.427999 0.050531 0.041848
0 0.373138 0.397553 0.050990 0.041323
8 0.373429 0.437756 0.051741 0.044008
28 0.374966 0.478697 0.051748 0.044230
30 0.376174 0.519759 0.050524 0.040643
7 0.376794 0.559840 0.052378 0.043141
27 0.377973 0.600014 0.051254 0.042662
15 0.321502 0.398101 0.050782 0.041760
8 0.323021 0.438486 0.050768 0.041316
2 0.324637 0.478424 0.052307 0.040922
2 0.325175 0.519397 0.051705 0.042898
20 0.326249 0.563240 0.038502 0.052895
8 0.433378 0.654554 0.039397 0.053145
9 0.470653 0.653024 0.040679 0.051634
0 0.507824 0.651719 0.039633 0.053596
29 0.546548 0.650365 0.039848 0.053381
30 0.585849 0.649658 0.039369 0.052257
30 0.622999 0.647688 0.040557 0.054734
31 0.435077 0.707486 0.040278 0.052952
5 0.472256 0.706404 0.040120 0.054942
14 0.509326 0.705435 0.039605 0.052708
23 0.547403 0.704657 0.038609 0.056224
15 0.585565 0.703098 0.038960 0.053353
