0 0.513463 0.097469 0.152289 0.121695
8 0.510404 0.220524 0.154329 0.129854
28 0.511083 0.345958 0.154329 0.130534
30 0.510744 0.471733 0.150930 0.119656
7 0.508704 0.594448 0.156368 0.127134
27 0.508364 0.717503 0.152969 0.125775
15 0.355395 0.094069 0.151609 0.123055
8 0.356075 0.217804 0.151609 0.121695
2 0.357095 0.340180 0.156368 0.120336
2 0.354715 0.465614 0.154329 0.126454
20 0.353695 0.599887 0.112857 0.158408
8 0.672551 0.889849 0.115577 0.159088
9 0.786768 0.888829 0.119656 0.154329
0 0.900645 0.888489 0.116257 0.160448
