29 0.535749 0.267347 0.071208 0.107076
33 0.609331 0.267083 0.073846 0.109713
17 0.683440 0.267347 0.076483 0.103911
0 0.759132 0.270248 0.075955 0.104439
1 0.831659 0.268402 0.076483 0.106021
1 0.907350 0.267875 0.071736 0.103911
11 0.535222 0.372049 0.073318 0.102329
9 0.609067 0.372841 0.073318 0.100746
17 0.682649 0.371786 0.073846 0.103911
3 0.758604 0.372841 0.071736 0.100746
5 0.828758 0.372841 0.074900 0.101801
6 0.427091 0.072448 0.097582 0.074900
6 0.429728 0.149194 0.097582 0.078593
9 0.327399 0.072448 0.100746 0.078065
0 0.044624 0.889232 0.089248 0.168790
3 0.125379 0.889495 0.118680 0.167207
4 0.223488 0.888968 0.117625 0.167207
5 0.318432 0.887122 0.114461 0.173009
13 0.414432 0.888968 0.109186 0.172482
14 0.512541 0.887649 0.103911 0.169845
19 0.608540 0.886594 0.108131 0.170900
19 0.704539 0.884748 0.099691 0.167207
20 0.801065 0.884221 0.095999 0.169317
21 0.895482 0.883166 0.098109 0.172482
22 0.970172 0.885276 0.054435 0.170372
