28 0.58838384 0.30732323 0.03560606 0.05202020
8 0.55164141 0.30631313 0.03636364 0.05000000
16 0.51691919 0.30681818 0.03459596 0.05151515
7 0.48156566 0.30669192 0.03459596 0.05025253
5 0.44646465 0.30732323 0.03661616 0.05050505
31 0.58787879 0.35909091 0.03611111 0.05353535
12 0.55176768 0.35921717 0.03611111 0.05378788
12 0.51641414 0.36010101 0.03712121 0.05151515
15 0.48106061 0.35972222 0.03560606 0.05227273
27 0.44621212 0.35909091 0.03712121 0.05404040
31 0.41224747 0.35833333 0.03636364 0.05252525
14 0.63787879 0.40770202 0.04696970 0.03787879
9 0.63813131 0.44671717 0.04797980 0.03914141
29 0.63724747 0.48434343 0.04924242 0.03712121
32 0.63724747 0.52070707 0.04722222 0.03661616
33 0.63813131 0.55833333 0.04696970 0.03661616
28 0.63750000 0.59646465 0.04772727 0.03712121
28 0.68522727 0.59621212 0.04823232 0.03863636
10 0.68547980 0.55795455 0.04621212 0.03636364
8 0.68510101 0.51969697 0.04898990 0.03712121
4 0.68585859 0.48118687 0.04696970 0.03636364
6 0.68585859 0.44457071 0.04747475 0.03636364
29 0.41148990 0.64924242 0.03409091 0.05126263
33 0.44671717 0.64911616 0.03535354 0.05252525
17 0.48219697 0.64924242 0.03661616 0.04974747
0 0.51843434 0.65063131 0.03636364 0.05000000
1 0.55315657 0.64974747 0.03661616 0.05075758
1 0.58939394 0.64949495 0.03434343 0.04974747
11 0.41123737 0.69936869 0.03510101 0.04898990
9 0.44659091 0.69974747 0.03510101 0.04823232
17 0.48181818 0.69924242 0.03535354 0.04974747
3 0.51818182 0.69974747 0.03434343 0.04823232
5 0.55176768 0.69974747 0.03585859 0.04873737
29 0.35946970 0.40606061 0.04570707 0.03813131
31 0.35883838 0.44419192 0.04595960 0.03762626
27 0.35808081 0.48156566 0.04646465 0.03611111
33 0.35934343 0.51843434 0.04646465 0.03762626
6 0.35946970 0.55593434 0.04671717 0.03585859
6 0.36073232 0.59267677 0.04671717 0.03762626
0 0.31098485 0.40492424 0.04873737 0.03888889
13 0.31073232 0.44267677 0.04722222 0.03762626
32 0.31060606 0.48244949 0.04949495 0.03989899
11 0.31085859 0.52020202 0.04696970 0.03863636
9 0.31174242 0.55593434 0.04823232 0.03737374
0 0.16906566 0.94696970 0.05732323 0.08080808
3 0.21502525 0.94709596 0.05681818 0.08005051
4 0.26199495 0.94684343 0.05631313 0.08005051
5 0.30744949 0.94595960 0.05479798 0.08282828
13 0.35340909 0.94684343 0.05227273 0.08257576
14 0.40037879 0.94621212 0.04974747 0.08131313
19 0.44633838 0.94570707 0.05176768 0.08181818
19 0.49229798 0.94482323 0.04772727 0.08005051
20 0.53851010 0.94457071 0.04595960 0.08106061
21 0.58371212 0.94406566 0.04696970 0.08257576
22 0.62992424 0.94507576 0.04696970 0.08156566
24 0.67676768 0.94595960 0.04570707 0.08232323
25 0.72373737 0.94532828 0.04974747 0.08207071
