29 0.570336 0.353176 0.039310 0.055351
32 0.532459 0.352428 0.039629 0.053188
0 0.496538 0.353791 0.039480 0.054566
9 0.459249 0.355698 0.040074 0.054587
17 0.329175 0.410016 0.050049 0.040309
9 0.331131 0.448690 0.050806 0.039348
30 0.330180 0.489251 0.052494 0.042372
32 0.331781 0.529127 0.052063 0.041369
29 0.332849 0.567931 0.051795 0.039382
10 0.390348 0.664500 0.036993 0.051316
13 0.426358 0.662837 0.038959 0.050990
10 0.463731 0.660531 0.038605 0.052163
27 0.500001 0.660642 0.039042 0.053365
11 0.535682 0.658099 0.037934 0.049965
28 0.628152 0.599554 0.048614 0.038875
32 0.627166 0.560251 0.049893 0.041490
17 0.626299 0.521539 0.049674 0.040889
29 0.624486 0.481274 0.049653 0.040295
0 0.138644 0.972637 0.060464 0.052226
0 0.191647 0.970562 0.060326 0.056376
1 0.238818 0.970020 0.056467 0.057460
2 0.288423 0.969275 0.056476 0.058950
8 0.336358 0.968284 0.058773 0.060932
16 0.385104 0.967961 0.055994 0.061579
17 0.433897 0.966241 0.052741 0.065019
22 0.482576 0.964996 0.053513 0.067509
24 0.531256 0.963624 0.054303 0.070253
26 0.581983 0.962740 0.053268 0.072020
31 0.631035 0.961241 0.053295 0.075019
31 0.678619 0.960536 0.052822 0.076428
32 0.730999 0.958920 0.059506 0.079660
