26 0.587753 0.339520 0.033838 0.050758
28 0.587247 0.290025 0.038384 0.051263
27 0.553283 0.288889 0.032576 0.051010
4 0.552273 0.339520 0.033586 0.049242
13 0.518561 0.289268 0.034848 0.049747
28 0.482576 0.288889 0.035101 0.053535
26 0.515657 0.340909 0.035606 0.051010
1 0.481692 0.340530 0.034343 0.051263
0 0.446086 0.339141 0.034848 0.047475
0 0.412626 0.340404 0.036616 0.051010
4 0.446086 0.288763 0.035859 0.051263
19 0.408160 0.643576 0.037153 0.055556
28 0.443229 0.642361 0.039236 0.055208
0 0.479514 0.642014 0.036111 0.054514
4 0.516319 0.642188 0.040972 0.054167
31 0.549653 0.642535 0.035417 0.054861
7 0.586458 0.643576 0.038194 0.053472
15 0.546181 0.695486 0.037500 0.054514
11 0.513021 0.694792 0.035764 0.052431
22 0.477431 0.695660 0.038194 0.050694
0 0.443750 0.694792 0.034722 0.049653
29 0.409028 0.694618 0.037500 0.051389
9 0.357465 0.389583 0.046528 0.039236
16 0.357986 0.428125 0.048264 0.041319
8 0.356424 0.467014 0.046528 0.041319
28 0.356597 0.508160 0.047569 0.043750
9 0.358160 0.548611 0.047222 0.038542
23 0.357465 0.586806 0.047222 0.040625
6 0.310243 0.387153 0.045139 0.038542
11 0.312847 0.427951 0.049653 0.039583
31 0.310417 0.468229 0.050347 0.040278
18 0.310764 0.508681 0.048958 0.040625
13 0.310937 0.546528 0.050694 0.039931
30 0.636111 0.588542 0.047917 0.042361
32 0.636806 0.547222 0.048611 0.040278
27 0.635417 0.507812 0.051389 0.041319
9 0.637326 0.468576 0.048958 0.042014
6 0.636458 0.428993 0.047917 0.042708
16 0.636285 0.389757 0.050347 0.038542
5 0.682465 0.423611 0.037847 0.050694
20 0.682813 0.468576 0.044097 0.041319
30 0.685243 0.508681 0.046181 0.040972
18 0.684028 0.547917 0.050000 0.040278
7 0.684549 0.587847 0.046875 0.040972
11 0.166493 0.953819 0.051042 0.086111
14 0.212847 0.954167 0.053472 0.086806
14 0.256944 0.952083 0.052083 0.086111
16 0.304340 0.953125 0.048264 0.084028
17 0.349306 0.953472 0.050000 0.083333
18 0.394271 0.953993 0.048264 0.086458
19 0.441667 0.952431 0.050000 0.082639
24 0.486979 0.951562 0.046875 0.085069
24 0.533681 0.952778 0.049306 0.087500
26 0.580903 0.953125 0.050694 0.084722
27 0.626910 0.953125 0.045486 0.086806
32 0.671701 0.952431 0.046181 0.086806
33 0.718750 0.952431 0.043750 0.087500
