26 0.560533 0.353784 0.034048 0.049505
28 0.558219 0.306753 0.038388 0.050153
27 0.525889 0.306931 0.032857 0.049698
4 0.526805 0.355099 0.033752 0.048055
13 0.492896 0.308578 0.034971 0.048582
28 0.458674 0.309551 0.035351 0.052192
26 0.492049 0.357776 0.035738 0.049810
1 0.459747 0.358675 0.034547 0.050004
0 0.425848 0.358674 0.034887 0.046422
0 0.394088 0.361114 0.036698 0.049848
4 0.423981 0.310783 0.035987 0.050060
19 0.401076 0.649480 0.037377 0.054189
28 0.434369 0.647025 0.039344 0.053936
0 0.468849 0.645350 0.036348 0.053160
4 0.503843 0.644152 0.040956 0.053010
17 0.535543 0.643246 0.035701 0.053464
7 0.570570 0.642873 0.038290 0.052247
15 0.534205 0.693711 0.037668 0.053211
11 0.502657 0.694280 0.035941 0.051167
22 0.468856 0.696424 0.038187 0.049606
0 0.436807 0.696847 0.034847 0.048487
29 0.403793 0.697969 0.037552 0.050241
9 0.343473 0.409909 0.045684 0.039023
16 0.345397 0.446528 0.047412 0.041067
8 0.345353 0.483554 0.045761 0.041003
28 0.347042 0.522662 0.046841 0.043352
9 0.350027 0.561057 0.046318 0.038388
23 0.350782 0.597391 0.046396 0.040369
6 0.298493 0.409348 0.044338 0.038311
11 0.302481 0.448036 0.048668 0.039468
31 0.301663 0.486414 0.049353 0.040154
18 0.303492 0.524855 0.048046 0.040433
13 0.305059 0.560827 0.049671 0.039837
30 0.615731 0.588716 0.047120 0.042045
2 0.614860 0.549411 0.047703 0.040090
27 0.612079 0.511999 0.050382 0.041183
9 0.612441 0.474630 0.048097 0.041753
6 0.610149 0.437034 0.047133 0.042375
16 0.608530 0.399742 0.049289 0.038504
5 0.653684 0.430213 0.037857 0.049593
20 0.655681 0.472945 0.043451 0.040913
30 0.659477 0.510978 0.045418 0.040660
18 0.659776 0.548322 0.049023 0.040141
7 0.661751 0.586261 0.046078 0.040686
11 0.182841 0.953357 0.051712 0.083750
14 0.226919 0.951969 0.054048 0.084500
14 0.268761 0.948355 0.052702 0.083788
16 0.313855 0.947589 0.048994 0.081666
17 0.356613 0.946252 0.050619 0.081071
18 0.399377 0.945081 0.049084 0.083977
19 0.444374 0.941840 0.050593 0.080411
24 0.487416 0.939335 0.047712 0.082605
24 0.531856 0.938760 0.050113 0.085006
26 0.576759 0.937340 0.051330 0.082417
27 0.620494 0.935635 0.046456 0.084204
32 0.663048 0.933315 0.047117 0.084230
33 0.707773 0.931572 0.044832 0.084800
