26 0.619416 0.345283 0.033837 0.050546
28 0.619160 0.296155 0.038351 0.051070
27 0.585454 0.294859 0.032585 0.050790
4 0.584201 0.345108 0.033579 0.049041
13 0.550989 0.295063 0.034834 0.049548
28 0.515275 0.294509 0.035104 0.053309
26 0.547852 0.346305 0.035593 0.050805
1 0.514142 0.345761 0.034341 0.051050
0 0.478809 0.344206 0.034823 0.047293
0 0.445593 0.345294 0.036595 0.050810
4 0.479058 0.294204 0.035844 0.051057
19 0.439660 0.646180 0.037150 0.055325
28 0.474474 0.645148 0.039216 0.054990
0 0.510489 0.644982 0.036111 0.054286
4 0.547019 0.645337 0.040934 0.053965
17 0.580102 0.645846 0.035424 0.054627
7 0.616627 0.647062 0.038174 0.053262
15 0.576393 0.698385 0.037490 0.054292
11 0.543485 0.697532 0.035756 0.052216
22 0.508156 0.698217 0.038160 0.050505
0 0.474731 0.697189 0.034709 0.049454
29 0.440269 0.696845 0.037474 0.051191
9 0.390601 0.393833 0.046374 0.039173
16 0.390927 0.432089 0.048108 0.041250
8 0.389184 0.470680 0.046385 0.041241
28 0.389152 0.511520 0.047431 0.043659
9 0.390503 0.551677 0.047060 0.038487
23 0.389625 0.589583 0.047071 0.040555
6 0.343743 0.391187 0.044993 0.038477
11 0.346126 0.431694 0.049478 0.039533
31 0.343514 0.471659 0.050171 0.040226
18 0.343659 0.511810 0.048794 0.040564
13 0.343644 0.549375 0.050513 0.039883
30 0.666181 0.592684 0.047768 0.042282
2 0.667075 0.551677 0.048447 0.040218
27 0.665892 0.512554 0.051210 0.041265
9 0.667981 0.473621 0.048801 0.041942
6 0.667315 0.434329 0.047770 0.042626
16 0.667337 0.395385 0.050162 0.038503
5 0.713005 0.429215 0.037815 0.050503
20 0.713128 0.473846 0.043972 0.041229
30 0.715342 0.513663 0.046038 0.040895
18 0.713941 0.552600 0.049826 0.040224
7 0.714261 0.592235 0.046728 0.040898
11 0.198263 0.952911 0.051087 0.085721
14 0.244269 0.953485 0.053502 0.086422
14 0.288047 0.951635 0.052120 0.085726
16 0.335084 0.952904 0.048319 0.083639
17 0.379712 0.953471 0.050039 0.082958
18 0.424339 0.954210 0.048331 0.086051
19 0.471389 0.952894 0.050035 0.082269
24 0.516367 0.952257 0.046946 0.084666
24 0.562714 0.953694 0.049370 0.087091
26 0.609582 0.954272 0.050735 0.084340
27 0.655245 0.954500 0.045576 0.086382
32 0.699706 0.954032 0.046265 0.086386
33 0.746403 0.954265 0.043856 0.087063
