19 0.860532 0.886921 0.123843 0.185185
28 0.953935 0.882870 0.083796 0.184028
9 0.691551 0.052836 0.155093 0.105671
16 0.693287 0.168750 0.160880 0.137731
8 0.688079 0.298380 0.155093 0.137731
28 0.688657 0.435532 0.158565 0.145833
9 0.693866 0.570370 0.157407 0.128472
23 0.691551 0.697685 0.157407 0.135417
6 0.534144 0.048206 0.150463 0.096412
11 0.542824 0.168171 0.165509 0.131944
31 0.534722 0.302431 0.167824 0.134259
18 0.535880 0.437269 0.163194 0.135417
13 0.536458 0.563426 0.168981 0.133102
