19 0.850333 0.257451 0.077402 0.115741
28 0.923394 0.254919 0.081742 0.115017
22 0.976128 0.365958 0.042535 0.105613
0 0.924479 0.364149 0.072338 0.103443
29 0.852141 0.363788 0.078125 0.107060
9 0.746166 0.059606 0.098380 0.080295
23 0.744719 0.139178 0.098380 0.084635
13 0.647786 0.055266 0.105613 0.083189
11 0.346861 0.903790 0.106337 0.179398
14 0.443432 0.904514 0.111400 0.180845
14 0.535301 0.900174 0.108507 0.179398
16 0.634042 0.902344 0.100550 0.175058
17 0.727720 0.903067 0.104167 0.173611
18 0.821398 0.904152 0.100550 0.180122
19 0.920139 0.900897 0.104167 0.172164
