28 0.098777 0.536251 0.121193 0.170528
0 0.210854 0.535178 0.111540 0.168383
4 0.324539 0.535714 0.126555 0.167310
17 0.427499 0.536787 0.109395 0.169455
7 0.541184 0.540004 0.117975 0.165165
15 0.416774 0.700343 0.115830 0.168383
11 0.314350 0.698198 0.110468 0.161948
22 0.204419 0.700879 0.117975 0.156585
0 0.100386 0.698198 0.107250 0.153368
30 0.694552 0.370013 0.148005 0.130845
2 0.696697 0.242385 0.150150 0.124410
27 0.692407 0.120656 0.158730 0.127628
30 0.846311 0.123338 0.142643 0.126555
18 0.842557 0.244530 0.154440 0.124410
7 0.844166 0.367868 0.144788 0.126555
