5 0.461009 0.116687 0.152165 0.134804
29 0.459988 0.247917 0.166462 0.135825
18 0.458967 0.377104 0.164420 0.126634
17 0.458967 0.510886 0.158292 0.128676
21 0.619812 0.503227 0.153186 0.127655
26 0.779126 0.505270 0.157271 0.119485
10 0.615727 0.373019 0.155229 0.124592
16 0.617770 0.242300 0.161356 0.130719
1 0.618280 0.112091 0.158292 0.125613
33 0.321609 0.860151 0.121528 0.164420
22 0.186806 0.857598 0.148080 0.122549
5 0.053830 0.860662 0.107659 0.171569
28 0.055362 0.691646 0.110723 0.174632
0 0.166381 0.689604 0.119485 0.186887
9 0.282292 0.687561 0.120507 0.168505
