28 0.947787 0.139852 0.096457 0.179673
17 0.849758 0.139852 0.113272 0.169909
8 0.680826 0.294137 0.154285 0.132802
0 0.682290 0.424498 0.155261 0.127920
30 0.680826 0.541676 0.162097 0.124014
31 0.685220 0.675455 0.153308 0.131826
32 0.686685 0.793122 0.152332 0.124990
18 0.689126 0.918112 0.155261 0.117178
5 0.534353 0.923483 0.154285 0.114249
6 0.535329 0.796539 0.154285 0.127920
27 0.532888 0.670084 0.153308 0.128896
27 0.531423 0.549000 0.150379 0.123037
27 0.530447 0.421569 0.152332 0.131826
0 0.527517 0.295602 0.146473 0.127920
10 0.377627 0.294625 0.151355 0.122061
