28 0.63970588 0.39705882 0.04718137 0.04136029
19 0.63924632 0.43750000 0.04687500 0.04013480
5 0.63955270 0.47625613 0.04564951 0.04044118
29 0.63924632 0.51562500 0.04993873 0.04074755
18 0.63893995 0.55438113 0.04932598 0.03799020
17 0.63893995 0.59451593 0.04748775 0.03860294
21 0.68719363 0.59221814 0.04595588 0.03829657
26 0.73498775 0.59283088 0.04718137 0.03584559
10 0.68596814 0.55315564 0.04656863 0.03737745
16 0.68658088 0.51393995 0.04840686 0.03921569
1 0.68673407 0.47487745 0.04748775 0.03768382
9 0.68550858 0.43566176 0.04626225 0.03829657
10 0.68474265 0.39629289 0.04901961 0.03982843
29 0.41038603 0.64828431 0.03553922 0.05085784
29 0.44531250 0.64797794 0.03553922 0.05085784
33 0.48100490 0.64782475 0.03645833 0.04932598
33 0.59773284 0.69929534 0.03645833 0.04932598
22 0.55729167 0.69852941 0.04442402 0.03676471
26 0.41130515 0.69944853 0.03553922 0.04779412
32 0.44653799 0.69868260 0.03615196 0.04871324
15 0.48192402 0.69837623 0.03584559 0.04932598
5 0.51654412 0.69944853 0.03400735 0.05147059
28 0.51593137 0.64874387 0.03707108 0.05238971
0 0.55116422 0.64813113 0.03584559 0.05606618
9 0.58593750 0.64751838 0.03615196 0.05055147
27 0.58915441 0.34666054 0.03523284 0.05637255
31 0.55330882 0.34543505 0.03645833 0.05330882
18 0.51792279 0.34558824 0.03737745 0.05300245
25 0.48207721 0.34528186 0.03737745 0.05300245
28 0.44592525 0.34512868 0.03737745 0.05637255
17 0.41161152 0.34512868 0.03553922 0.05330882
32 0.40824142 0.29059436 0.03553922 0.05085784
31 0.44546569 0.29227941 0.03829657 0.05177696
26 0.48069853 0.29151348 0.03584559 0.05208333
6 0.51593137 0.29273897 0.03829657 0.05453431
29 0.55162377 0.29227941 0.03737745 0.05422794
19 0.58854167 0.29120711 0.03768382 0.05269608
33 0.58777574 0.23897059 0.03676471 0.05116422
8 0.35860907 0.39353554 0.04840686 0.04166667
0 0.35906863 0.43443627 0.04871324 0.04013480
30 0.35860907 0.47120098 0.05085784 0.03890931
31 0.35998775 0.51317402 0.04810049 0.04136029
32 0.36044730 0.55009191 0.04779412 0.03921569
18 0.36121324 0.58930760 0.04871324 0.03676471
5 0.31265319 0.59099265 0.04840686 0.03584559
6 0.31295956 0.55116422 0.04840686 0.04013480
27 0.31219363 0.51148897 0.04810049 0.04044118
27 0.31173407 0.47349877 0.04718137 0.03860294
27 0.31142770 0.43351716 0.04779412 0.04136029
0 0.31050858 0.39399510 0.04595588 0.04013480
10 0.26348039 0.39368873 0.04748775 0.03829657
28 0.78158602 0.95255600 0.05286738 0.09238799
24 0.71908602 0.95318100 0.04704301 0.08378136
23 0.67517921 0.95273297 0.04525090 0.08467742
22 0.63015233 0.95183692 0.04659498 0.08467742
20 0.58490143 0.95407706 0.04749104 0.08557348
19 0.53741039 0.95452509 0.04569892 0.08557348
16 0.49193548 0.95430108 0.04614695 0.08243728
15 0.44735663 0.95318100 0.05017921 0.08557348
14 0.40098566 0.95564516 0.05152330 0.08333333
7 0.35506272 0.95586918 0.05197133 0.08198925
7 0.31093190 0.95586918 0.04883513 0.08019713
4 0.26635305 0.95519713 0.05286738 0.08512545
4 0.21908602 0.95407706 0.05152330 0.08557348
4 0.17405914 0.95609319 0.06093190 0.08512545
