28 0.639706 0.397059 0.047181 0.041360
19 0.639246 0.437500 0.046875 0.040135
5 0.639553 0.476256 0.045650 0.040441
29 0.639246 0.515625 0.049939 0.040748
32 0.638940 0.554381 0.049326 0.037990
17 0.638940 0.594516 0.047488 0.038603
21 0.687194 0.592218 0.045956 0.038297
26 0.734988 0.592831 0.047181 0.035846
10 0.685968 0.553156 0.046569 0.037377
16 0.686581 0.513940 0.048407 0.039216
1 0.686734 0.474877 0.047488 0.037684
9 0.685509 0.435662 0.046262 0.038297
10 0.684743 0.396293 0.049020 0.039828
29 0.410386 0.648284 0.035539 0.050858
29 0.445312 0.647978 0.035539 0.050858
33 0.481005 0.647825 0.036458 0.049326
33 0.597733 0.699295 0.036458 0.049326
31 0.557292 0.698529 0.044424 0.036765
26 0.411305 0.699449 0.035539 0.047794
32 0.446538 0.698683 0.036152 0.048713
15 0.481924 0.698376 0.035846 0.049326
5 0.516544 0.699449 0.034007 0.051471
28 0.515931 0.648744 0.037071 0.052390
0 0.551164 0.648131 0.035846 0.056066
9 0.585938 0.647518 0.036152 0.050551
27 0.589154 0.346661 0.035233 0.056373
31 0.553309 0.345435 0.036458 0.053309
18 0.517923 0.345588 0.037377 0.053002
25 0.482077 0.345282 0.037377 0.053002
28 0.445925 0.345129 0.037377 0.056373
17 0.411612 0.345129 0.035539 0.053309
32 0.408241 0.290594 0.035539 0.050858
31 0.445466 0.292279 0.038297 0.051777
26 0.480699 0.291513 0.035846 0.052083
6 0.515931 0.292739 0.038297 0.054534
29 0.551624 0.292279 0.037377 0.054228
19 0.588542 0.291207 0.037684 0.052696
32 0.587776 0.238971 0.036765 0.051164
8 0.358609 0.393536 0.048407 0.041667
0 0.359069 0.434436 0.048713 0.040135
30 0.358609 0.471201 0.050858 0.038909
31 0.359988 0.513174 0.048100 0.041360
32 0.360447 0.550092 0.047794 0.039216
18 0.361213 0.589308 0.048713 0.036765
5 0.312653 0.590993 0.048407 0.035846
6 0.312960 0.551164 0.048407 0.040135
27 0.312194 0.511489 0.048100 0.040441
27 0.311734 0.473499 0.047181 0.038603
27 0.311428 0.433517 0.047794 0.041360
0 0.310509 0.393995 0.045956 0.040135
32 0.263480 0.393689 0.047488 0.038297
28 0.781586 0.952556 0.052867 0.092388
24 0.719086 0.953181 0.047043 0.083781
23 0.675179 0.952733 0.045251 0.084677
22 0.630152 0.951837 0.046595 0.084677
20 0.584901 0.954077 0.047491 0.085573
19 0.537410 0.954525 0.045699 0.085573
31 0.491935 0.954301 0.046147 0.082437
15 0.447357 0.953181 0.050179 0.085573
14 0.400986 0.955645 0.051523 0.083333
7 0.355063 0.955869 0.051971 0.081989
7 0.310932 0.955869 0.048835 0.080197
4 0.266353 0.955197 0.052867 0.085125
4 0.219086 0.954077 0.051523 0.085573
4 0.174059 0.956093 0.060932 0.085125
