22 0.566815 0.212175 0.039925 0.052268
15 0.566842 0.264300 0.039210 0.052611
8 0.532527 0.264729 0.035995 0.054333
0 0.569388 0.315627 0.037789 0.053658
8 0.533647 0.317005 0.033796 0.053545
2 0.499473 0.264759 0.038806 0.051149
28 0.498960 0.317081 0.035663 0.055411
30 0.464101 0.317526 0.035652 0.055048
7 0.428749 0.319800 0.035279 0.054675
20 0.424937 0.268691 0.046948 0.044126
2 0.463167 0.265427 0.037313 0.049656
15 0.383732 0.269497 0.036628 0.051087
27 0.394994 0.320758 0.036669 0.052539
6 0.615064 0.363551 0.046803 0.039045
0 0.662943 0.361102 0.048235 0.038360
27 0.664429 0.400654 0.048961 0.038381
22 0.666288 0.440558 0.051967 0.042093
15 0.666249 0.477610 0.048981 0.039107
25 0.667673 0.514984 0.049022 0.040559
22 0.668205 0.552928 0.049313 0.038028
16 0.622795 0.552764 0.047218 0.040870
29 0.621537 0.514841 0.048940 0.037655
10 0.618838 0.477321 0.050101 0.040227
17 0.619576 0.439341 0.047954 0.041254
10 0.617198 0.400360 0.049759 0.040942
8 0.344939 0.368130 0.047882 0.038713
9 0.346617 0.408039 0.045403 0.040819
0 0.347885 0.446325 0.048639 0.039822
29 0.350060 0.484586 0.047197 0.040144
30 0.350426 0.523080 0.046513 0.041575
30 0.350445 0.562128 0.047872 0.038350
31 0.300145 0.370491 0.047601 0.041606
5 0.300532 0.409710 0.049738 0.040216
14 0.299617 0.447877 0.047841 0.037261
23 0.301067 0.486158 0.047892 0.039076
15 0.302926 0.526062 0.048701 0.042000
32 0.303453 0.563825 0.051200 0.040620
29 0.253677 0.371446 0.047560 0.040155
3 0.168231 0.925278 0.057860 0.083603
4 0.213357 0.921818 0.053224 0.086373
6 0.258902 0.920344 0.054302 0.086041
6 0.303037 0.920362 0.050964 0.083408
17 0.348780 0.919427 0.049574 0.085544
17 0.393236 0.917984 0.049906 0.084466
17 0.438585 0.915971 0.050652 0.085212
19 0.484882 0.915383 0.048837 0.085161
21 0.528079 0.914339 0.046649 0.084736
23 0.572665 0.911076 0.052488 0.085990
24 0.616624 0.911281 0.050269 0.084476
24 0.661454 0.910191 0.046971 0.083294
26 0.705915 0.908929 0.047718 0.084041
7 0.764652 0.905082 0.048464 0.084787
9 0.399164 0.614869 0.036566 0.048909
33 0.435981 0.613771 0.036935 0.049133
9 0.401041 0.668213 0.036566 0.048909
32 0.469431 0.614146 0.037022 0.052186
27 0.503357 0.612820 0.038837 0.052237
1 0.538911 0.611266 0.034409 0.049573
13 0.573760 0.610459 0.037364 0.051470
20 0.572671 0.661707 0.038857 0.052963
28 0.536734 0.662546 0.035881 0.050340
16 0.503363 0.664219 0.035902 0.051066
7 0.470692 0.664965 0.038070 0.050765
26 0.434754 0.665803 0.036690 0.053264
