22 0.599741 0.232068 0.043075 0.056292
15 0.599952 0.288076 0.042308 0.056657
8 0.563083 0.288657 0.038860 0.058496
0 0.602868 0.343218 0.040785 0.057778
8 0.564470 0.344823 0.036496 0.057642
2 0.527566 0.288805 0.041869 0.055085
28 0.527198 0.345027 0.038507 0.059654
30 0.489743 0.345626 0.038495 0.059264
7 0.451766 0.348194 0.038092 0.058861
20 0.447491 0.293291 0.050591 0.047570
2 0.488557 0.289649 0.040259 0.053476
15 0.403219 0.294301 0.039529 0.055011
27 0.415500 0.349342 0.039578 0.056571
6 0.652115 0.394552 0.050418 0.042110
0 0.703552 0.391753 0.051953 0.041380
27 0.705287 0.434246 0.052733 0.041405
22 0.707425 0.477116 0.055976 0.045403
15 0.707513 0.516929 0.052758 0.042184
25 0.709174 0.557082 0.052807 0.043744
22 0.709879 0.597852 0.053111 0.041027
16 0.661085 0.597834 0.050870 0.044073
29 0.659600 0.557090 0.052708 0.040625
10 0.656568 0.516785 0.053965 0.043391
17 0.657229 0.475972 0.051662 0.044487
10 0.654537 0.434095 0.053599 0.044159
8 0.361882 0.400418 0.051576 0.041757
9 0.363824 0.443295 0.048920 0.044011
0 0.365321 0.484429 0.052392 0.042952
29 0.367793 0.525532 0.050845 0.043293
30 0.368321 0.566893 0.050114 0.044828
30 0.368477 0.608850 0.051563 0.041368
31 0.313759 0.403112 0.051284 0.044865
5 0.314312 0.445252 0.053575 0.043379
14 0.313463 0.486265 0.051526 0.040198
23 0.315154 0.527393 0.051588 0.042147
15 0.317292 0.570264 0.052467 0.045292
32 0.317990 0.610838 0.055147 0.043818
29 0.263832 0.404301 0.051235 0.043305
3 0.173961 0.976717 0.062452 0.044066
4 0.222437 0.974039 0.057482 0.049421
6 0.271370 0.973256 0.058639 0.050989
6 0.318793 0.973899 0.055043 0.049703
17 0.367940 0.972744 0.053557 0.052013
17 0.415704 0.972180 0.053910 0.053141
17 0.464424 0.970817 0.054715 0.055865
19 0.514168 0.970436 0.052765 0.056628
21 0.560579 0.969915 0.050413 0.057669
23 0.608476 0.967742 0.056689 0.062016
24 0.655710 0.968184 0.054300 0.061132
24 0.703876 0.967840 0.050754 0.061820
26 0.751646 0.966883 0.051558 0.063735
7 0.814745 0.964512 0.052363 0.068476
9 0.421010 0.665350 0.039455 0.052671
33 0.460566 0.664040 0.039852 0.052913
9 0.423214 0.722661 0.039455 0.052671
32 0.496510 0.664327 0.039956 0.056193
27 0.532959 0.662783 0.041906 0.056255
1 0.571156 0.660989 0.037140 0.053377
13 0.608599 0.659999 0.040321 0.055426
20 0.607609 0.715069 0.041930 0.057035
28 0.568997 0.716096 0.038724 0.054206
16 0.533145 0.718011 0.038749 0.054986
7 0.498043 0.718927 0.041076 0.054671
26 0.459431 0.719954 0.039603 0.057351
