30 0.507673 0.058315 0.096881 0.086030
30 0.505348 0.141633 0.099981 0.079055
15 0.406141 0.061802 0.101531 0.086806
32 0.404979 0.142408 0.106957 0.083705
3 0.094572 0.905444 0.118583 0.175161
4 0.191065 0.900794 0.108507 0.181362
6 0.288334 0.900406 0.110832 0.180587
6 0.382502 0.903119 0.103857 0.175161
17 0.480159 0.903894 0.100756 0.179812
17 0.575102 0.903506 0.101532 0.177486
17 0.671983 0.901956 0.103082 0.179036
19 0.770802 0.903506 0.099206 0.179036
21 0.863033 0.903894 0.094556 0.178261
23 0.951141 0.899631 0.092510 0.180587
9 0.606104 0.257115 0.075180 0.102307
33 0.684726 0.257001 0.075955 0.102762
9 0.606879 0.371047 0.075180 0.102307
32 0.756076 0.259828 0.075955 0.109282
27 0.828544 0.259053 0.079830 0.109282
1 0.904498 0.257890 0.070530 0.103857
13 0.968967 0.258278 0.056858 0.107732
20 0.965479 0.367560 0.063833 0.110832
28 0.896748 0.367172 0.073630 0.105407
16 0.825443 0.368722 0.073630 0.106957
7 0.755689 0.368335 0.078280 0.106182
26 0.678959 0.367947 0.075180 0.111607
