25 0.599638 0.036570 0.105607 0.073141
22 0.598438 0.113543 0.106407 0.080805
16 0.498432 0.110343 0.101606 0.087206
29 0.498032 0.033370 0.105607 0.066740
17 0.070004 0.898794 0.106407 0.184812
19 0.172011 0.900394 0.102407 0.184812
21 0.267217 0.900794 0.097606 0.184012
23 0.365623 0.896393 0.110407 0.186412
24 0.462430 0.899594 0.105607 0.183212
24 0.561236 0.899994 0.098406 0.180812
26 0.659242 0.899994 0.100006 0.182412
7 0.788850 0.895193 0.101606 0.184012
33 0.083158 0.233033 0.078405 0.106077
32 0.156810 0.235951 0.078405 0.112807
27 0.231615 0.235151 0.082405 0.112807
1 0.310020 0.233951 0.072805 0.107207
13 0.386825 0.234351 0.079205 0.111207
20 0.381224 0.347158 0.082405 0.114407
28 0.302019 0.346758 0.076005 0.108807
16 0.228415 0.348358 0.076005 0.110407
7 0.156410 0.347958 0.080805 0.109607
26 0.077205 0.347558 0.077605 0.115207
