3 0.15907225 0.94499179 0.05377668 0.08374384
4 0.20669130 0.94478654 0.05377668 0.08415435
9 0.25307882 0.94396552 0.05213465 0.08579639
11 0.30049261 0.94396552 0.05254516 0.08743842
12 0.34564860 0.94293924 0.05254516 0.08620690
13 0.39429392 0.94355501 0.05049261 0.08908046
15 0.43986043 0.94458128 0.04967159 0.08866995
16 0.48768473 0.94376026 0.04926108 0.08702791
17 0.53263547 0.94355501 0.04885057 0.08825944
17 0.58210181 0.94355501 0.04679803 0.08743842
31 0.82471264 0.93965517 0.04802956 0.03612479
31 0.86617406 0.93411330 0.03489327 0.05131363
31 0.89922003 0.93390805 0.03612479 0.05254516
9 0.68431856 0.59010673 0.04761905 0.03858785
7 0.68411330 0.55172414 0.04885057 0.03653530
29 0.63608374 0.59051724 0.05049261 0.04022989
27 0.63731527 0.55008210 0.04720854 0.03735632
27 0.63669951 0.51190476 0.04597701 0.03653530
33 0.63772578 0.47290640 0.04885057 0.03735632
32 0.63793103 0.43534483 0.04926108 0.03694581
7 0.63772578 0.39860427 0.05131363 0.03735632
9 0.58949097 0.35057471 0.03612479 0.05131363
5 0.59072250 0.30110837 0.03694581 0.05008210
20 0.55500821 0.30131363 0.03612479 0.05213465
29 0.55603448 0.35365353 0.03653530 0.05172414
22 0.52134647 0.35303777 0.03858785 0.05049261
3 0.48357964 0.35324302 0.03858785 0.05254516
19 0.44950739 0.35098522 0.03530378 0.05623974
7 0.41317734 0.35201149 0.03981938 0.05582923
27 0.35919540 0.39963054 0.05090312 0.03940887
32 0.36083744 0.43821839 0.04761905 0.03776683
33 0.36042693 0.47660099 0.05008210 0.03817734
30 0.35981117 0.51395731 0.05131363 0.03899836
30 0.35837438 0.55110837 0.04926108 0.03858785
26 0.35734811 0.58825944 0.04474548 0.03653530
29 0.40948276 0.64449918 0.03407225 0.04967159
30 0.44581281 0.64244663 0.03612479 0.05049261
27 0.48029557 0.64614122 0.03612479 0.05788177
29 0.51559934 0.64470443 0.03530378 0.05500821
19 0.55008210 0.64511494 0.03530378 0.05008210
8 0.58784893 0.64532020 0.03612479 0.05131363
22 0.40968801 0.69560755 0.03776683 0.05172414
20 0.44683908 0.69458128 0.03489327 0.05131363
