16 0.678875 0.372359 0.051636 0.042018
6 0.678015 0.415087 0.051283 0.045010
9 0.680147 0.457310 0.052580 0.045471
27 0.681834 0.498900 0.051207 0.042007
2 0.683741 0.540700 0.051283 0.045010
30 0.682404 0.581508 0.049931 0.042404
7 0.731704 0.579198 0.051701 0.044592
7 0.628931 0.639933 0.038222 0.054113
17 0.592434 0.639346 0.037397 0.055378
4 0.554302 0.642019 0.039091 0.054564
0 0.515906 0.642768 0.041203 0.053331
28 0.481361 0.642990 0.039113 0.055421
19 0.446634 0.644505 0.039166 0.057566
29 0.443936 0.699511 0.040432 0.056740
23 0.388942 0.586078 0.052516 0.042898
9 0.389041 0.547233 0.052912 0.041622
28 0.386915 0.505224 0.054178 0.040796
8 0.387147 0.463156 0.050832 0.044141
16 0.387814 0.421292 0.053352 0.042061
9 0.385055 0.379728 0.055068 0.042104
0 0.441954 0.329586 0.039574 0.056719
0 0.479663 0.327139 0.040485 0.058885
1 0.515688 0.326020 0.043906 0.058542
26 0.552324 0.323599 0.038298 0.057116
4 0.589432 0.322883 0.041376 0.060193
26 0.624632 0.323073 0.041343 0.058907
11 0.201303 0.961791 0.062610 0.073918
14 0.249355 0.961451 0.054889 0.074597
14 0.296548 0.961074 0.054889 0.075352
16 0.343082 0.959212 0.053721 0.079076
17 0.390050 0.959274 0.052369 0.078951
18 0.439625 0.959278 0.055372 0.078945
19 0.485022 0.957228 0.051951 0.083045
24 0.533288 0.956202 0.050729 0.085097
24 0.582374 0.954725 0.051190 0.088049
26 0.629165 0.954991 0.052037 0.087517
27 0.676321 0.953553 0.050354 0.090395
32 0.724142 0.953138 0.055040 0.091224
33 0.772435 0.953624 0.052005 0.090252
