27 0.789591 0.023219 0.098775 0.046437
2 0.791280 0.088649 0.098775 0.086112
30 0.786637 0.168851 0.096243 0.081047
7 0.883724 0.166741 0.099620 0.085268
7 0.678575 0.281134 0.072604 0.104685
17 0.606815 0.278179 0.070916 0.107218
4 0.531678 0.281556 0.074293 0.105529
0 0.456119 0.281134 0.078514 0.102997
28 0.388158 0.279868 0.074293 0.107218
19 0.319775 0.281134 0.074293 0.111439
29 0.311755 0.389196 0.076825 0.109750
23 0.209180 0.163364 0.101308 0.081891
9 0.211291 0.086960 0.102152 0.079358
28 0.209180 0.021530 0.104685 0.043060
14 0.030297 0.907134 0.060595 0.167158
16 0.100274 0.906712 0.101308 0.176445
17 0.192718 0.906712 0.098775 0.171380
18 0.290227 0.909245 0.104685 0.171380
19 0.379716 0.903757 0.097931 0.172224
24 0.474692 0.904602 0.095398 0.177289
24 0.571357 0.902491 0.096243 0.179822
26 0.663378 0.905446 0.097931 0.178978
27 0.756244 0.903335 0.094554 0.181510
32 0.850376 0.902913 0.103841 0.178978
33 0.945353 0.905868 0.097931 0.176445
