16 0.617459 0.386495 0.048469 0.039180
6 0.615244 0.427042 0.048088 0.042030
9 0.615887 0.467209 0.049315 0.042449
27 0.616129 0.506760 0.048062 0.039177
2 0.616572 0.546517 0.048088 0.042030
30 0.613967 0.585225 0.046842 0.039573
7 0.660860 0.584645 0.048492 0.041626
7 0.561276 0.638959 0.035534 0.050881
17 0.526636 0.637207 0.034730 0.052096
4 0.490337 0.638499 0.036353 0.051296
0 0.453851 0.637953 0.038380 0.050092
28 0.421038 0.637034 0.036361 0.052112
19 0.388010 0.637337 0.036380 0.054150
29 0.383649 0.689484 0.037595 0.053346
23 0.335136 0.579965 0.049292 0.040003
9 0.336501 0.543079 0.049689 0.038784
28 0.335856 0.503116 0.050904 0.037980
8 0.337453 0.463175 0.047673 0.041211
16 0.339456 0.423441 0.050100 0.039196
9 0.338195 0.383880 0.051731 0.039211
0 0.393870 0.338125 0.036780 0.053339
0 0.429759 0.337034 0.037615 0.055385
1 0.464006 0.337151 0.040872 0.055008
26 0.498877 0.336051 0.035561 0.053735
4 0.534140 0.336585 0.038441 0.056615
26 0.567560 0.337917 0.038430 0.055392
11 0.144450 0.936565 0.058239 0.081260
14 0.190107 0.937400 0.050901 0.081191
14 0.234948 0.938227 0.050901 0.081191
16 0.279184 0.938438 0.049720 0.085664
17 0.323825 0.938856 0.048474 0.083206
18 0.370901 0.940520 0.051328 0.083233
19 0.414141 0.938274 0.048070 0.083610
24 0.460001 0.939111 0.046870 0.086045
24 0.506690 0.938529 0.047289 0.087272
26 0.551115 0.940372 0.048101 0.086872
27 0.595969 0.939773 0.046481 0.088080
32 0.641428 0.939995 0.050954 0.086898
33 0.687279 0.941851 0.048089 0.085649
