16 0.642711 0.394224 0.046343 0.037486
6 0.641379 0.432983 0.045984 0.040207
9 0.642768 0.471323 0.047156 0.040609
27 0.643761 0.509082 0.045954 0.037481
2 0.644952 0.547035 0.045984 0.040207
30 0.643211 0.584045 0.044790 0.037858
7 0.687975 0.582587 0.046369 0.039822
7 0.593937 0.636368 0.034007 0.048641
17 0.560828 0.635364 0.033241 0.049801
4 0.526193 0.637297 0.034790 0.049039
0 0.491345 0.637480 0.036724 0.047892
28 0.459997 0.637236 0.034798 0.049818
19 0.428467 0.638162 0.034819 0.051765
29 0.425308 0.688038 0.035979 0.050999
23 0.376874 0.584402 0.047130 0.038273
9 0.377465 0.549156 0.047507 0.037109
28 0.376078 0.511011 0.048667 0.036343
8 0.376833 0.472843 0.045586 0.039424
16 0.377978 0.434865 0.047901 0.037502
9 0.376012 0.397116 0.049458 0.037519
0 0.428288 0.352353 0.035200 0.050990
0 0.462536 0.350619 0.036000 0.052945
1 0.495238 0.350070 0.039110 0.052590
26 0.528512 0.348346 0.034036 0.051367
4 0.562193 0.348176 0.036791 0.054122
26 0.594129 0.348803 0.036779 0.052954
11 0.201681 0.928573 0.055733 0.077685
14 0.245292 0.928490 0.048725 0.077609
14 0.288124 0.928415 0.048725 0.077609
16 0.330365 0.927762 0.047603 0.081879
17 0.372998 0.927300 0.046410 0.079530
18 0.417980 0.927980 0.049135 0.079560
19 0.459223 0.925002 0.046025 0.079915
24 0.503028 0.924917 0.044882 0.082239
24 0.547597 0.923460 0.045284 0.083411
26 0.590050 0.924363 0.046059 0.083030
27 0.632867 0.922925 0.044514 0.084181
32 0.676277 0.922260 0.048784 0.083060
33 0.720092 0.923148 0.046046 0.081862
