16 0.320709 0.841344 0.156250 0.126488
31 0.480060 0.848785 0.157490 0.138889
22 0.631969 0.843204 0.158730 0.130208
25 0.479439 0.716716 0.163690 0.122768
15 0.479439 0.589608 0.166171 0.126488
22 0.484400 0.461880 0.156250 0.126488
27 0.481920 0.327331 0.161210 0.137649
0 0.485640 0.197123 0.158730 0.137649
6 0.323810 0.201463 0.162450 0.121528
10 0.320089 0.324851 0.159970 0.127728
17 0.325050 0.457540 0.159970 0.125248
10 0.325670 0.584648 0.158730 0.128968
29 0.323810 0.716096 0.157490 0.119048
0 0.165079 0.054539 0.117808 0.109077
8 0.054328 0.058879 0.108656 0.117758
