3 0.162489 0.904897 0.056872 0.083610
4 0.207503 0.905057 0.052665 0.086349
6 0.250371 0.905337 0.053389 0.086726
6 0.295510 0.907465 0.048680 0.084100
16 0.338878 0.909009 0.049790 0.085557
17 0.382262 0.910017 0.047281 0.085132
17 0.426885 0.911417 0.046518 0.083327
19 0.470625 0.912435 0.049144 0.088037
21 0.514346 0.914167 0.045843 0.084735
23 0.558642 0.914486 0.046547 0.084398
24 0.604514 0.915920 0.048381 0.086232
24 0.645924 0.917232 0.046982 0.087264
26 0.690711 0.919172 0.055194 0.087489
17 0.404598 0.713939 0.035305 0.051626
9 0.406584 0.660936 0.033451 0.049077
9 0.409385 0.610813 0.034175 0.049454
33 0.442381 0.612788 0.036713 0.050951
32 0.476486 0.613364 0.034947 0.051616
27 0.510210 0.614822 0.037456 0.052041
1 0.544847 0.615591 0.036733 0.051665
13 0.577336 0.616480 0.038122 0.050276
26 0.438335 0.662698 0.037109 0.052388
7 0.473666 0.664201 0.036385 0.052012
16 0.506522 0.664742 0.034938 0.051259
28 0.541153 0.665690 0.035691 0.052706
20 0.574887 0.666792 0.038337 0.058130
16 0.629582 0.561279 0.045981 0.037647
31 0.675401 0.564677 0.046436 0.041227
22 0.719180 0.564267 0.046725 0.038738
25 0.676262 0.526649 0.048094 0.036635
15 0.677264 0.490054 0.048838 0.037726
22 0.679698 0.453319 0.045982 0.037647
27 0.680044 0.414563 0.047498 0.040900
0 0.682141 0.377104 0.046784 0.040880
6 0.635515 0.377079 0.047728 0.036268
10 0.633472 0.412574 0.047062 0.038034
17 0.633855 0.450814 0.047043 0.037320
10 0.633032 0.487414 0.046715 0.038381
29 0.631461 0.525244 0.046280 0.035515
0 0.591198 0.325310 0.035226 0.048769
8 0.557247 0.325631 0.036723 0.051308
28 0.523339 0.324346 0.037535 0.054897
30 0.490503 0.323090 0.033906 0.052658
7 0.456243 0.321617 0.035246 0.049483
27 0.422653 0.321770 0.037544 0.055254
15 0.415254 0.272261 0.037823 0.052408
20 0.453282 0.273123 0.044940 0.038689
2 0.491364 0.272021 0.037021 0.049175
2 0.526531 0.272983 0.036762 0.052736
8 0.560260 0.274264 0.036444 0.054154
15 0.594708 0.275385 0.034630 0.053034
22 0.597176 0.224360 0.036654 0.048808
25 0.562535 0.223769 0.035999 0.050931
8 0.370735 0.365011 0.048935 0.041296
9 0.369511 0.403207 0.046397 0.039799
0 0.368089 0.442113 0.047189 0.042675
29 0.366662 0.481198 0.047043 0.037320
30 0.365854 0.517262 0.047458 0.039472
30 0.362280 0.556466 0.048808 0.036654
32 0.317464 0.555597 0.047082 0.038748
15 0.319035 0.517767 0.048192 0.040205
23 0.321692 0.479431 0.046378 0.039085
14 0.323977 0.441621 0.046735 0.039095
5 0.324487 0.403405 0.045008 0.041188
31 0.326598 0.365411 0.047815 0.039481
29 0.281087 0.363808 0.048231 0.041633
21 0.280575 0.408634 0.036473 0.055225
