3 0.173329 0.958166 0.057844 0.081168
4 0.219419 0.957434 0.053523 0.082633
6 0.263312 0.957379 0.054263 0.082743
6 0.309540 0.959027 0.049452 0.079446
16 0.353953 0.959341 0.050582 0.078817
17 0.398378 0.959860 0.048014 0.077781
17 0.444074 0.960930 0.047242 0.075639
19 0.488864 0.960144 0.049909 0.077212
21 0.533638 0.961767 0.046544 0.073965
23 0.578993 0.961912 0.047266 0.073677
24 0.625969 0.962068 0.049136 0.073363
24 0.668375 0.962375 0.047698 0.072751
26 0.714241 0.963213 0.056107 0.071074
17 0.420308 0.763580 0.035910 0.052703
9 0.422087 0.709300 0.034023 0.050102
9 0.424715 0.657966 0.034763 0.050485
33 0.458508 0.659830 0.037355 0.052005
32 0.493431 0.660256 0.035544 0.052695
27 0.527968 0.661588 0.038111 0.053118
1 0.563436 0.662209 0.037372 0.052736
13 0.596706 0.662964 0.038801 0.051307
26 0.454605 0.710952 0.037754 0.053476
7 0.490788 0.712321 0.037015 0.053094
16 0.524431 0.712718 0.035536 0.052329
28 0.559895 0.713523 0.036300 0.053808
20 0.594440 0.714489 0.038984 0.059350
16 0.649935 0.606193 0.046912 0.038336
31 0.696866 0.609452 0.047360 0.042000
22 0.741689 0.608823 0.047668 0.039449
25 0.697566 0.570511 0.049080 0.037289
15 0.698416 0.533037 0.049836 0.038402
22 0.700732 0.495413 0.046912 0.038336
27 0.700900 0.455729 0.048449 0.041660
0 0.702868 0.417365 0.047717 0.041643
6 0.655128 0.417563 0.048706 0.036915
10 0.653206 0.453916 0.048017 0.038727
17 0.653781 0.493068 0.048000 0.037995
10 0.653114 0.530547 0.047659 0.039084
29 0.651687 0.569288 0.047227 0.036151
0 0.609504 0.364769 0.035843 0.049778
8 0.574742 0.365261 0.037364 0.052371
28 0.540018 0.364108 0.038178 0.056043
30 0.506391 0.362980 0.034472 0.053767
7 0.471306 0.361635 0.035860 0.050510
27 0.436914 0.361953 0.038186 0.056409
15 0.429101 0.311296 0.038485 0.053492
20 0.468042 0.311997 0.045840 0.039408
2 0.507029 0.310686 0.037680 0.050185
2 0.543040 0.311503 0.037397 0.053833
8 0.577581 0.312652 0.037064 0.055287
15 0.612858 0.313635 0.035211 0.054149
22 0.615140 0.261378 0.037306 0.049812
25 0.579669 0.260940 0.036624 0.051989
8 0.383963 0.406476 0.049919 0.042058
9 0.382893 0.445591 0.047327 0.040538
0 0.381623 0.485433 0.048124 0.043479
29 0.380350 0.525458 0.048000 0.037995
30 0.379695 0.562388 0.048415 0.040197
30 0.376224 0.602547 0.049812 0.037306
32 0.330333 0.601872 0.048033 0.039458
15 0.331760 0.563130 0.049163 0.040945
23 0.334296 0.523865 0.047310 0.039807
14 0.336455 0.485141 0.047676 0.039815
5 0.336794 0.446009 0.045898 0.041967
31 0.338773 0.407097 0.048781 0.040206
29 0.292167 0.405674 0.049196 0.042408
21 0.291858 0.451574 0.037089 0.056384
