17 0.657292 0.930506 0.100978 0.131845
9 0.658886 0.782207 0.095663 0.143495
9 0.663138 0.632866 0.097789 0.144558
33 0.761458 0.636054 0.105230 0.148810
32 0.862968 0.634991 0.099915 0.150935
27 0.953082 0.636586 0.086692 0.151998
26 0.753486 0.784864 0.106293 0.153061
7 0.858716 0.786458 0.104167 0.151998
16 0.951488 0.785395 0.089881 0.149872
9 0.527615 0.037946 0.134991 0.075893
0 0.526552 0.134354 0.137117 0.123299
29 0.525489 0.250744 0.137117 0.107355
30 0.526020 0.358099 0.138180 0.113733
30 0.518580 0.475021 0.142432 0.105230
32 0.385183 0.476084 0.137117 0.111607
15 0.386777 0.363414 0.140306 0.115859
23 0.391560 0.249150 0.134991 0.112670
14 0.395281 0.136480 0.136054 0.112670
5 0.393686 0.041135 0.130740 0.082270
21 0.263478 0.061331 0.104167 0.122662
