8 0.414265 0.408313 0.036366 0.065927
19 0.447683 0.408730 0.038547 0.066733
29 0.481788 0.408399 0.037919 0.068855
27 0.516149 0.405545 0.038037 0.071723
30 0.551747 0.406589 0.035797 0.069483
29 0.581850 0.404988 0.032958 0.070082
30 0.630583 0.471933 0.051734 0.039359
30 0.633109 0.507025 0.050899 0.036462
33 0.633469 0.541847 0.053020 0.035833
32 0.636010 0.577298 0.050839 0.035027
27 0.636292 0.618947 0.052747 0.046560
7 0.589932 0.670423 0.038399 0.063148
19 0.554751 0.670797 0.038488 0.065299
3 0.522139 0.672502 0.040668 0.066105
22 0.487720 0.673923 0.039234 0.066046
29 0.453344 0.676419 0.039086 0.062461
9 0.420217 0.677338 0.036075 0.062873
7 0.370821 0.629172 0.047207 0.049745
32 0.368765 0.587375 0.046945 0.038060
33 0.367211 0.552408 0.048021 0.037444
0 0.365970 0.516987 0.051173 0.039116
27 0.364513 0.481685 0.051100 0.037351
29 0.363768 0.447569 0.048462 0.037462
1 0.184920 0.954501 0.065376 0.088497
1 0.233111 0.952673 0.062930 0.089160
5 0.278314 0.950144 0.061202 0.089970
6 0.324331 0.948576 0.058324 0.089631
6 0.367125 0.946589 0.058324 0.089631
14 0.415096 0.944167 0.055915 0.089972
14 0.457908 0.942621 0.055915 0.089972
17 0.504803 0.940906 0.053011 0.088971
17 0.550714 0.939454 0.053011 0.088971
20 0.597700 0.937293 0.050327 0.087979
25 0.643938 0.935716 0.053645 0.088336
26 0.689315 0.934728 0.052560 0.088732
26 0.735401 0.932162 0.056568 0.089779
31 0.109704 0.187645 0.042897 0.068069
17 0.504803 0.940906 0.053011 0.088971
31 0.142363 0.186408 0.042961 0.069614
31 0.179896 0.180107 0.053583 0.060140
