4 0.185043 0.958208 0.059670 0.081084
4 0.232558 0.958415 0.049540 0.080669
4 0.275630 0.958730 0.055371 0.080040
7 0.321744 0.959564 0.050058 0.078373
7 0.366341 0.959380 0.049307 0.078739
14 0.412710 0.959578 0.050061 0.078344
15 0.458071 0.959017 0.048799 0.079466
16 0.503679 0.959464 0.051578 0.078571
20 0.548654 0.959787 0.050823 0.077925
22 0.595024 0.959231 0.045521 0.079037
22 0.640383 0.959175 0.045266 0.079150
23 0.686119 0.959118 0.047794 0.079265
24 0.733370 0.959821 0.049811 0.077859
8 0.371096 0.408784 0.051176 0.043367
0 0.372110 0.448712 0.050413 0.041849
30 0.372995 0.489398 0.049401 0.041340
31 0.373257 0.527302 0.049650 0.040078
32 0.372636 0.564698 0.049650 0.040078
18 0.372519 0.602728 0.048632 0.037800
0 0.322710 0.407498 0.048398 0.043864
27 0.322837 0.448181 0.048389 0.040832
27 0.324230 0.488110 0.049403 0.041846
27 0.323601 0.528160 0.048897 0.041591
29 0.422870 0.663023 0.035284 0.052162
29 0.457867 0.663131 0.035539 0.052668
33 0.492614 0.662481 0.037811 0.052170
28 0.527101 0.663977 0.036049 0.054438
0 0.561968 0.665601 0.034546 0.058477
9 0.596705 0.667983 0.034299 0.060498
26 0.423589 0.716722 0.036559 0.055956
32 0.458205 0.717461 0.035556 0.058227
15 0.493961 0.717318 0.036311 0.057219
5 0.528700 0.719195 0.036563 0.057220
17 0.649819 0.611165 0.050683 0.047156
21 0.699216 0.612202 0.047905 0.047905
18 0.649572 0.568460 0.049394 0.039066
10 0.698593 0.568738 0.049902 0.039826
29 0.650449 0.529928 0.048387 0.040326
16 0.697705 0.528810 0.050401 0.037806
5 0.650319 0.490255 0.048384 0.039316
1 0.697824 0.490275 0.049396 0.039571
19 0.650441 0.450710 0.048893 0.040581
9 0.697821 0.450351 0.046622 0.041584
28 0.650438 0.410911 0.047629 0.040324
27 0.601306 0.364770 0.034560 0.063025
31 0.565044 0.365037 0.037342 0.063792
18 0.530046 0.365181 0.038098 0.063289
25 0.495176 0.364821 0.035565 0.061259
28 0.458287 0.363822 0.036588 0.065053
17 0.424299 0.364223 0.034814 0.063531
31 0.457200 0.306711 0.038058 0.050402
26 0.493083 0.306317 0.037049 0.050904
6 0.528330 0.307310 0.036805 0.053683
29 0.564087 0.306663 0.037052 0.051662
19 0.599968 0.307026 0.037566 0.054696
