18 0.41351010 0.38952020 0.03585859 0.04797980
26 0.44785354 0.38863636 0.03484848 0.04621212
29 0.48320707 0.38952020 0.03585859 0.05000000
27 0.51818182 0.38825758 0.03712121 0.04797980
15 0.55277778 0.38750000 0.03611111 0.04595960
31 0.58851010 0.38863636 0.03636364 0.04469697
9 0.63724747 0.43194444 0.04747475 0.03282828
17 0.63585859 0.46452020 0.04671717 0.03484848
32 0.63532986 0.49913194 0.04565972 0.03437500
32 0.63507734 0.53134470 0.04616477 0.03314394
29 0.63510101 0.56540404 0.04671717 0.03358586
26 0.63510101 0.60138889 0.04873737 0.03535354
11 0.68169192 0.60025253 0.04696970 0.03459596
24 0.58396465 0.64532828 0.03434343 0.04267677
23 0.54760101 0.64570707 0.03434343 0.04444444
30 0.51237374 0.64570707 0.03611111 0.04242424
0 0.47803030 0.64621212 0.03459596 0.04343434
32 0.44242424 0.64709596 0.03409091 0.04368687
20 0.40770202 0.64532828 0.03434343 0.04267677
15 0.35946970 0.59848485 0.04393939 0.03333333
15 0.35808081 0.56578283 0.04671717 0.03459596
3 0.35795455 0.53156566 0.04494949 0.03383838
33 0.35845960 0.49810606 0.04545455 0.03257576
16 0.35845960 0.46300505 0.04545455 0.03459596
28 0.35845960 0.42916667 0.04646465 0.03358586
1 0.16035354 0.91717172 0.05202020 0.07171717
2 0.20707071 0.91729798 0.05252525 0.07247475
4 0.25340909 0.91691919 0.05075758 0.07424242
12 0.29924242 0.91780303 0.04747475 0.07247475
14 0.34482323 0.91805556 0.04873737 0.07247475
16 0.39166667 0.91767677 0.04797980 0.07323232
17 0.43800505 0.91717172 0.04722222 0.07222222
18 0.48446970 0.91729798 0.04772727 0.07297980
18 0.53093434 0.91679293 0.04621212 0.07348485
19 0.57777778 0.91628788 0.04595960 0.07247475
22 0.62247475 0.91654040 0.04797980 0.07196970
23 0.67045455 0.91755051 0.04797980 0.07398990
33 0.71818182 0.91691919 0.04848485 0.07575758
