15 0.569825 0.327099 0.032419 0.049875
31 0.535536 0.328450 0.033666 0.048836
32 0.568371 0.377286 0.034081 0.047589
29 0.535017 0.376247 0.032211 0.048836
11 0.501351 0.376247 0.033458 0.048005
14 0.467893 0.376351 0.032627 0.047797
16 0.434746 0.376974 0.034913 0.046135
13 0.401185 0.375935 0.033042 0.046550
12 0.501766 0.326787 0.033042 0.046758
15 0.345179 0.422589 0.044057 0.035536
29 0.345490 0.459788 0.045511 0.035121
24 0.342477 0.495532 0.044057 0.037614
25 0.342789 0.531899 0.045096 0.035952
33 0.341126 0.569306 0.045927 0.035121
10 0.339879 0.605050 0.046758 0.034289
27 0.299875 0.423109 0.045719 0.036160
27 0.299356 0.458645 0.044680 0.036575
7 0.298940 0.494493 0.045927 0.034705
6 0.385806 0.654717 0.035536 0.047589
22 0.417290 0.655029 0.034497 0.048628
19 0.449917 0.655133 0.034081 0.046758
2 0.484102 0.655133 0.033458 0.048005
15 0.517456 0.654510 0.033666 0.045927
0 0.549356 0.656276 0.033874 0.047797
13 0.382897 0.701060 0.032627 0.045511
12 0.415835 0.701787 0.033250 0.044888
12 0.448150 0.701787 0.033042 0.044888
21 0.482232 0.703138 0.034705 0.045927
13 0.601933 0.605881 0.043849 0.034913
27 0.645470 0.606089 0.045719 0.037406
0 0.647444 0.570345 0.045511 0.035328
32 0.603076 0.569618 0.047382 0.035121
7 0.604530 0.534601 0.044888 0.036575
3 0.606401 0.499169 0.045303 0.035952
5 0.609206 0.462697 0.046342 0.036991
20 0.611804 0.425603 0.044888 0.033874
13 0.651081 0.534601 0.044057 0.035744
0 0.140670 0.934473 0.049858 0.075142
9 0.185007 0.932336 0.050926 0.077991
10 0.226674 0.933761 0.046652 0.076567
17 0.271189 0.932158 0.048077 0.077635
17 0.314281 0.932158 0.045228 0.077635
18 0.358974 0.931802 0.045584 0.079772
26 0.402422 0.933048 0.044872 0.080840
27 0.444979 0.931624 0.045228 0.079416
29 0.487179 0.931090 0.044872 0.079060
30 0.532585 0.930912 0.046652 0.077279
32 0.574964 0.931446 0.048077 0.079772
33 0.618946 0.930377 0.045584 0.079772
33 0.662215 0.930199 0.051638 0.078704
