25 0.076946 0.142378 0.034889 0.052554
25 0.111955 0.141947 0.035687 0.055608
25 0.153152 0.134020 0.048081 0.042444
22 0.199970 0.134396 0.046564 0.042805
22 0.239820 0.140757 0.034898 0.053316
22 0.274625 0.139188 0.036040 0.053330
9 0.381358 0.354054 0.034480 0.050267
1 0.416363 0.353244 0.036031 0.052568
12 0.450795 0.352250 0.035645 0.052183
26 0.487498 0.350276 0.036759 0.049914
10 0.522136 0.350612 0.036796 0.052958
16 0.557155 0.350943 0.036054 0.054471
11 0.380272 0.405067 0.037163 0.051821
28 0.416233 0.404625 0.033757 0.053301
29 0.448755 0.403084 0.035613 0.049519
4 0.485489 0.403584 0.036026 0.052188
4 0.519554 0.403737 0.034109 0.051023
31 0.553616 0.403699 0.037525 0.050304
12 0.600446 0.451459 0.048434 0.040165
8 0.599565 0.488197 0.049580 0.040560
13 0.596218 0.525537 0.048800 0.039028
17 0.592685 0.563259 0.047650 0.038253
27 0.640172 0.525187 0.044601 0.037835
1 0.639282 0.561164 0.046508 0.038239
27 0.638227 0.599237 0.047260 0.037487
31 0.592760 0.600366 0.047654 0.038634
10 0.589573 0.635230 0.048030 0.038258
17 0.635627 0.635425 0.045728 0.036707
32 0.539029 0.687802 0.033287 0.046067
33 0.504402 0.688418 0.034072 0.047979
30 0.470523 0.687882 0.034837 0.048368
32 0.438172 0.687899 0.034837 0.048369
32 0.403562 0.689847 0.035599 0.048378
31 0.371418 0.691193 0.038276 0.049552
18 0.369339 0.738793 0.036077 0.056374
0 0.402267 0.739340 0.038680 0.051460
2 0.323380 0.637929 0.049956 0.040184
0 0.324239 0.599479 0.048025 0.037877
8 0.323433 0.564854 0.049548 0.037896
27 0.327157 0.527130 0.048053 0.040160
18 0.327643 0.489255 0.046109 0.036712
32 0.327379 0.452340 0.048086 0.042824
11 0.280942 0.451959 0.049576 0.040179
25 0.280477 0.491547 0.047682 0.040917
2 0.280738 0.528271 0.048002 0.035974
12 0.277746 0.563513 0.048025 0.037877
7 0.129004 0.966856 0.053417 0.063788
9 0.174457 0.965062 0.050786 0.067375
9 0.216117 0.964810 0.049625 0.067880
10 0.259301 0.964168 0.048488 0.069165
11 0.303239 0.962565 0.048906 0.072371
14 0.347576 0.963062 0.046214 0.071377
15 0.392115 0.962786 0.047008 0.071929
16 0.435685 0.962139 0.046642 0.073223
16 0.479625 0.961492 0.045495 0.074517
19 0.523582 0.962179 0.043555 0.073142
19 0.566012 0.962098 0.046971 0.073304
20 0.607502 0.962228 0.045453 0.073044
23 0.653549 0.961929 0.050786 0.073642
13 0.711004 0.961581 0.049249 0.074339
26 0.886218 0.354131 0.046090 0.035190
26 0.895368 0.308918 0.037539 0.051446
26 0.891986 0.265953 0.047645 0.037872
29 0.900743 0.219793 0.036759 0.049914
29 0.898298 0.175674 0.048007 0.036355
29 0.902944 0.135654 0.048415 0.038643
