25 0.101562 0.125000 0.033482 0.050967
25 0.135789 0.125000 0.034226 0.053943
25 0.176153 0.117746 0.046503 0.040923
22 0.221912 0.118676 0.045015 0.041295
22 0.260789 0.125372 0.033482 0.051711
22 0.294829 0.124256 0.034598 0.051711
9 0.396577 0.335565 0.033110 0.048735
1 0.430804 0.335193 0.034598 0.050967
12 0.464472 0.334635 0.034226 0.050595
26 0.500372 0.333147 0.035342 0.048363
10 0.534226 0.333891 0.035342 0.051339
16 0.568452 0.334635 0.034598 0.052827
11 0.394903 0.385417 0.035714 0.050223
28 0.430060 0.385417 0.032366 0.051711
29 0.461868 0.384301 0.034226 0.047991
4 0.497768 0.385231 0.034598 0.050595
4 0.531064 0.385789 0.032738 0.049479
31 0.564360 0.386161 0.036086 0.048735
12 0.609561 0.433408 0.046875 0.038690
8 0.608259 0.469308 0.047991 0.039062
13 0.604539 0.505766 0.047247 0.037574
17 0.600632 0.542597 0.046131 0.036830
27 0.647507 0.505952 0.043155 0.036458
1 0.646205 0.541109 0.045015 0.036830
27 0.644717 0.578311 0.045759 0.036086
31 0.600260 0.578869 0.046131 0.037202
10 0.596726 0.612909 0.046503 0.036830
17 0.641741 0.613653 0.044271 0.035342
32 0.546689 0.663690 0.031994 0.044643
33 0.512835 0.663876 0.032738 0.046503
30 0.479725 0.662946 0.033482 0.046875
32 0.448103 0.662574 0.033482 0.046875
32 0.414249 0.664062 0.034226 0.046875
31 0.382812 0.664993 0.036830 0.047991
18 0.380208 0.711496 0.034598 0.054688
0 0.412388 0.712426 0.037202 0.049851
2 0.336496 0.612351 0.048363 0.038690
0 0.337798 0.574777 0.046503 0.036458
8 0.337426 0.540923 0.047991 0.036458
27 0.341518 0.504092 0.046503 0.038690
18 0.342448 0.467076 0.044643 0.035342
32 0.342634 0.430990 0.046503 0.041295
11 0.297247 0.430060 0.047991 0.038690
25 0.296317 0.468750 0.046131 0.039435
2 0.296131 0.504650 0.046503 0.034598
12 0.292783 0.539062 0.046503 0.036458
7 0.142485 0.936570 0.051339 0.071801
9 0.186942 0.934896 0.048735 0.074405
9 0.227679 0.934152 0.047619 0.072917
10 0.269903 0.933594 0.046503 0.073289
11 0.312872 0.932478 0.046875 0.076265
14 0.356213 0.932850 0.044271 0.074033
15 0.399740 0.934152 0.045015 0.076637
16 0.442336 0.933966 0.044643 0.077753
16 0.485305 0.933036 0.043527 0.077381
19 0.528274 0.933408 0.041667 0.074405
19 0.569754 0.933408 0.045015 0.073661
20 0.610305 0.934338 0.043527 0.074033
23 0.655320 0.934524 0.048735 0.074405
13 0.711496 0.933966 0.047247 0.073289
26 0.890067 0.341704 0.044643 0.033854
26 0.899554 0.297619 0.036086 0.049851
26 0.896763 0.255580 0.046131 0.036458
29 0.905878 0.210565 0.035342 0.048363
29 0.904018 0.167411 0.046503 0.034970
29 0.909040 0.128348 0.046875 0.037202
