33 0.939954 0.527104 0.099964 0.141994
30 0.838854 0.524264 0.102236 0.143130
32 0.742298 0.523128 0.102236 0.143130
32 0.638927 0.527672 0.104507 0.143130
31 0.542939 0.530512 0.112459 0.146538
18 0.534987 0.672505 0.105643 0.166985
0 0.633247 0.675345 0.113595 0.152217
2 0.401513 0.369775 0.147674 0.118139
0 0.405489 0.255044 0.141994 0.111323
8 0.404353 0.151672 0.146538 0.111323
27 0.416848 0.049141 0.141994 0.098282
2 0.278262 0.046869 0.141994 0.093739
12 0.268039 0.145992 0.141994 0.111323
