17 0.876605 0.068899 0.093905 0.074973
1 0.960507 0.065870 0.073897 0.074973
27 0.958614 0.141600 0.077684 0.073458
31 0.875848 0.142736 0.093905 0.075730
10 0.868654 0.212029 0.094663 0.074973
17 0.956342 0.213544 0.082228 0.071944
32 0.766797 0.315400 0.065128 0.090876
33 0.697883 0.315779 0.066642 0.094663
30 0.630483 0.313886 0.068157 0.095420
32 0.566112 0.313129 0.068157 0.095420
32 0.497198 0.316158 0.069672 0.095420
31 0.433206 0.318051 0.074973 0.097692
18 0.427905 0.412714 0.070429 0.111323
0 0.493411 0.414607 0.075730 0.101478
2 0.338922 0.210893 0.098449 0.078759
0 0.341573 0.134406 0.094663 0.074215
8 0.340815 0.065491 0.097692 0.074215
12 0.249939 0.061705 0.094663 0.074215
9 0.042045 0.867472 0.084091 0.151460
9 0.117412 0.865958 0.096934 0.148431
10 0.203365 0.864822 0.094663 0.149188
11 0.290834 0.862550 0.095420 0.155247
14 0.379059 0.863307 0.090119 0.150703
15 0.467663 0.865958 0.091633 0.156004
16 0.554374 0.865579 0.090876 0.158276
16 0.641842 0.863686 0.088604 0.157518
19 0.729311 0.864443 0.084818 0.151460
19 0.813750 0.864443 0.091633 0.149945
20 0.896295 0.866336 0.088604 0.150703
23 0.967890 0.866715 0.059130 0.151460
