17 0.762113 0.027970 0.099206 0.055940
1 0.860119 0.026370 0.096806 0.052739
27 0.856919 0.093142 0.098406 0.077605
31 0.761313 0.094342 0.099206 0.080005
10 0.753712 0.167547 0.100006 0.079205
17 0.850518 0.169147 0.095206 0.076005
32 0.646105 0.276754 0.068804 0.096006
33 0.573301 0.277154 0.070405 0.100006
30 0.502096 0.275154 0.072005 0.100806
32 0.434092 0.274354 0.072005 0.100806
32 0.361287 0.277554 0.073605 0.100806
31 0.293683 0.279554 0.079205 0.103207
18 0.288082 0.379560 0.074405 0.117608
0 0.357287 0.381560 0.080005 0.107207
2 0.194076 0.166347 0.104007 0.083205
0 0.196877 0.085541 0.100006 0.078405
8 0.196077 0.025970 0.103207 0.051939
12 0.100070 0.023970 0.100006 0.047939
10 0.050867 0.857191 0.100006 0.157610
11 0.143273 0.854791 0.100806 0.164010
14 0.236479 0.855591 0.095206 0.159210
15 0.330085 0.858391 0.096806 0.164811
16 0.421691 0.857991 0.096006 0.167211
16 0.514097 0.855991 0.093606 0.166411
19 0.606503 0.856791 0.089606 0.160010
19 0.695709 0.856791 0.096806 0.158410
20 0.782914 0.858791 0.093606 0.159210
23 0.879720 0.859191 0.104807 0.160010
