30 0.117208 0.646402 0.110468 0.157658
33 0.226067 0.651764 0.102960 0.168383
32 0.338143 0.650156 0.108323 0.160875
10 0.361739 0.808886 0.114758 0.156585
7 0.235720 0.806204 0.135135 0.136208
19 0.108628 0.816929 0.110468 0.166238
10 0.511889 0.483918 0.151223 0.117975
31 0.517251 0.365943 0.149078 0.115830
17 0.528512 0.247431 0.152295 0.114758
13 0.530121 0.127311 0.153368 0.119048
8 0.537092 0.033357 0.154440 0.066715
17 0.660966 0.480164 0.149078 0.116903
23 0.808971 0.483918 0.151223 0.122265
2 0.817551 0.363798 0.159803 0.115830
1 0.673836 0.240996 0.149078 0.116903
1 0.831494 0.120340 0.159803 0.130845
27 0.680271 0.124094 0.155513 0.125483
27 0.665793 0.363798 0.148005 0.117975
30 0.825059 0.242069 0.142643 0.123338
