33 0.583186 0.257483 0.038550 0.053012
31 0.579736 0.309426 0.039613 0.055431
32 0.541980 0.307848 0.041106 0.056924
26 0.506880 0.305446 0.037285 0.056267
18 0.472493 0.303078 0.036787 0.055769
17 0.436398 0.301580 0.037760 0.056290
31 0.400970 0.301065 0.040111 0.055929
3 0.397792 0.352307 0.040449 0.053103
3 0.432971 0.353047 0.038641 0.054911
28 0.468308 0.355461 0.039230 0.057308
4 0.504437 0.356247 0.037285 0.056267
7 0.538021 0.360480 0.041060 0.055975
32 0.573177 0.361695 0.039253 0.057782
29 0.616516 0.415412 0.054075 0.040969
1 0.665770 0.415402 0.050706 0.039860
21 0.612666 0.450918 0.050798 0.041759
25 0.661818 0.453044 0.049351 0.041216
11 0.609201 0.488345 0.047383 0.039700
17 0.656916 0.490640 0.049848 0.041713
12 0.605283 0.525275 0.049848 0.041713
31 0.651234 0.529627 0.050684 0.039385
15 0.602415 0.565111 0.049665 0.037915
6 0.647496 0.567755 0.048807 0.039768
27 0.596970 0.604109 0.050346 0.042211
4 0.643748 0.606121 0.051839 0.043704
22 0.691271 0.607455 0.048853 0.040718
30 0.338309 0.396796 0.052583 0.039476
29 0.335532 0.434733 0.049825 0.041238
33 0.331715 0.474523 0.051816 0.043229
28 0.329436 0.512008 0.046885 0.039202
24 0.326242 0.548734 0.053646 0.041896
20 0.322562 0.585676 0.049939 0.043612
26 0.291983 0.395282 0.053263 0.043772
8 0.288292 0.432460 0.051250 0.041307
28 0.285447 0.471821 0.052291 0.043252
8 0.281472 0.509938 0.049985 0.044562
9 0.279373 0.548622 0.050209 0.039362
10 0.276631 0.585846 0.051364 0.043681
28 0.367842 0.643532 0.039905 0.051656
0 0.401077 0.645130 0.037102 0.052468
7 0.437172 0.646628 0.038933 0.051136
27 0.471084 0.648973 0.038435 0.050638
3 0.507439 0.650008 0.035180 0.051902
20 0.542810 0.651709 0.036742 0.054820
0 0.363313 0.692249 0.035685 0.047806
10 0.398859 0.695295 0.037852 0.052933
19 0.433993 0.696094 0.037442 0.050550
29 0.468532 0.696939 0.036757 0.048597
25 0.503500 0.699660 0.036384 0.050056
2 0.536744 0.702743 0.036095 0.050190
5 0.098090 0.920880 0.055809 0.079206
5 0.143921 0.923010 0.053991 0.081334
13 0.188383 0.925817 0.051438 0.080473
13 0.235507 0.927267 0.053172 0.079670
14 0.280579 0.929732 0.050225 0.079823
14 0.324781 0.931784 0.049773 0.079654
14 0.371556 0.934330 0.050007 0.081438
15 0.416660 0.936129 0.049809 0.080394
16 0.462271 0.938174 0.046834 0.079956
16 0.509095 0.941243 0.051192 0.081495
30 0.567106 0.942248 0.050846 0.082008
24 0.742141 0.944086 0.045975 0.036011
23 0.780910 0.941181 0.034860 0.045730
25 0.814558 0.941655 0.033528 0.045666
