33 0.888527 0.200393 0.114734 0.163043
31 0.885507 0.365700 0.117754 0.170592
32 0.765489 0.366455 0.122283 0.175121
26 0.653774 0.364191 0.110205 0.173611
18 0.544324 0.361926 0.108696 0.172101
17 0.429589 0.362681 0.111715 0.173611
31 0.317120 0.366455 0.119263 0.172101
3 0.314855 0.529499 0.120773 0.163043
3 0.426570 0.526479 0.114734 0.169082
28 0.539040 0.528744 0.116244 0.176630
4 0.653774 0.525725 0.110205 0.173611
7 0.760960 0.534028 0.122283 0.172101
32 0.872675 0.532518 0.116244 0.178140
30 0.132941 0.679710 0.161534 0.117754
29 0.129921 0.800483 0.152476 0.123792
33 0.123883 0.927295 0.158515 0.129831
