21 0.474064 0.061096 0.155495 0.122192
25 0.630314 0.060341 0.150966 0.120682
11 0.468780 0.178804 0.144928 0.119263
17 0.620501 0.178804 0.152476 0.125302
12 0.461987 0.296558 0.152476 0.125302
31 0.608424 0.303351 0.155495 0.117754
15 0.458967 0.423370 0.152476 0.113225
6 0.602385 0.424879 0.149457 0.119263
27 0.447645 0.547917 0.153985 0.126812
4 0.596347 0.547162 0.158515 0.131341
22 0.747313 0.544143 0.149457 0.122283
27 0.056250 0.709450 0.112500 0.155495
3 0.170622 0.707186 0.104167 0.160024
20 0.283092 0.707186 0.108696 0.169082
29 0.054602 0.862006 0.109204 0.149247
25 0.165702 0.865301 0.108286 0.153955
2 0.271634 0.870009 0.107345 0.154426
