31 0.099226 0.120144 0.034952 0.045847
31 0.134127 0.121130 0.034777 0.047392
31 0.175777 0.115522 0.045856 0.035726
14 0.215175 0.120526 0.034763 0.046232
14 0.256727 0.115013 0.045647 0.034370
14 0.296691 0.121377 0.033785 0.045254
7 0.440651 0.276095 0.034522 0.047172
30 0.476533 0.276512 0.035904 0.048103
1 0.512418 0.276777 0.035146 0.048398
1 0.549226 0.276215 0.035601 0.048251
21 0.584127 0.275935 0.034693 0.048698
29 0.404523 0.322915 0.034700 0.049307
27 0.440014 0.324242 0.036542 0.050548
0 0.475227 0.323281 0.035624 0.050232
21 0.510874 0.324381 0.038064 0.050413
6 0.547445 0.324578 0.035911 0.048712
8 0.583480 0.324997 0.035766 0.049320
3 0.402957 0.372423 0.035761 0.048863
30 0.438294 0.373901 0.036381 0.049784
28 0.474566 0.373561 0.034857 0.049766
7 0.510746 0.374668 0.038364 0.049959
25 0.546650 0.373257 0.036057 0.048104
7 0.582756 0.374134 0.035139 0.047789
13 0.631923 0.422969 0.045772 0.037780
12 0.629764 0.459624 0.046329 0.036054
22 0.629480 0.496445 0.051846 0.038717
4 0.628749 0.534416 0.047786 0.037226
2 0.629197 0.570379 0.046675 0.040967
20 0.628341 0.606760 0.048670 0.038680
1 0.676404 0.608908 0.047793 0.037804
6 0.677559 0.571664 0.049815 0.037827
0 0.725201 0.610053 0.049526 0.037824
15 0.724622 0.572934 0.048072 0.036941
6 0.725193 0.536260 0.048958 0.038683
11 0.678575 0.533985 0.046937 0.038660
15 0.677852 0.496863 0.047484 0.036068
29 0.678284 0.459755 0.046924 0.037505
22 0.678558 0.423801 0.050090 0.036675
31 0.393214 0.658900 0.035500 0.048344
17 0.428159 0.659018 0.037824 0.049526
8 0.465133 0.658582 0.035507 0.048921
11 0.500493 0.660293 0.035785 0.048058
15 0.537904 0.659573 0.035530 0.050943
6 0.573707 0.660423 0.034943 0.050070
23 0.391487 0.707979 0.035507 0.048921
27 0.427130 0.710271 0.036954 0.049227
2 0.468878 0.709024 0.045758 0.036625
22 0.508728 0.709632 0.036662 0.048935
26 0.547128 0.710801 0.033777 0.049190
16 0.581915 0.712072 0.037552 0.050966
14 0.390320 0.758653 0.037229 0.048075
33 0.427430 0.758941 0.036360 0.047776
29 0.464541 0.759084 0.036682 0.050668
30 0.500494 0.759502 0.035782 0.047770
12 0.536451 0.759631 0.034325 0.046598
1 0.123745 0.956499 0.053254 0.084502
2 0.173858 0.956575 0.054684 0.084082
3 0.221509 0.956491 0.052968 0.084518
5 0.269438 0.957206 0.051810 0.083087
5 0.317810 0.957485 0.052673 0.082530
9 0.366192 0.957186 0.053542 0.083127
9 0.416866 0.957343 0.051541 0.082814
9 0.464666 0.957477 0.051246 0.082545
18 0.514779 0.957195 0.049808 0.083109
19 0.562567 0.957910 0.048643 0.081680
19 0.611090 0.957467 0.049815 0.082566
19 0.660752 0.958763 0.050940 0.079974
20 0.709408 0.959040 0.052968 0.079419
30 0.346191 0.492860 0.046608 0.035191
33 0.346478 0.455750 0.047478 0.035490
32 0.347638 0.418073 0.047790 0.037515
13 0.344325 0.529085 0.047793 0.037804
25 0.341877 0.565737 0.045181 0.036618
27 0.342320 0.602133 0.046913 0.036638
15 0.300005 0.416219 0.046336 0.036632
12 0.297849 0.452585 0.046316 0.034899
16 0.297127 0.489834 0.048633 0.035503
28 0.295834 0.526499 0.046913 0.036638
24 0.294536 0.563597 0.046924 0.037505
15 0.294539 0.600566 0.050120 0.039274
4 0.250906 0.416225 0.046927 0.037793
33 0.249176 0.453174 0.048351 0.036078
21 0.249055 0.488409 0.047202 0.036642
18 0.248190 0.525512 0.046924 0.037505
7 0.246459 0.562605 0.047780 0.036648
29 0.245440 0.600572 0.047770 0.035782
