31 0.144962 0.151023 0.033016 0.043513
31 0.178303 0.151682 0.032836 0.044990
31 0.218036 0.145987 0.043515 0.033755
14 0.255706 0.150446 0.032833 0.043882
14 0.295347 0.144843 0.043326 0.032462
14 0.333567 0.150597 0.031906 0.042955
7 0.472319 0.297195 0.032595 0.044782
30 0.506594 0.297302 0.033908 0.045659
1 0.540869 0.297264 0.033181 0.045948
1 0.576020 0.296428 0.033617 0.045804
21 0.609350 0.295877 0.032745 0.046238
29 0.438195 0.342206 0.032747 0.046820
27 0.472103 0.343185 0.034497 0.047990
0 0.505727 0.341981 0.033623 0.047696
21 0.539781 0.342742 0.035952 0.047849
6 0.574711 0.342633 0.033909 0.046242
8 0.609131 0.342740 0.033766 0.046823
3 0.437101 0.389504 0.033764 0.046387
30 0.470863 0.390628 0.034349 0.047262
28 0.505504 0.390008 0.032894 0.047257
7 0.540067 0.390771 0.036242 0.047413
25 0.574347 0.389132 0.034053 0.045660
7 0.608839 0.389676 0.033179 0.045366
13 0.656195 0.435918 0.043418 0.035718
12 0.654431 0.470944 0.043964 0.034065
22 0.654459 0.506114 0.049213 0.036564
4 0.654069 0.542386 0.045347 0.035173
2 0.654790 0.576730 0.044255 0.038755
20 0.654267 0.611484 0.046178 0.036554
1 0.700189 0.613145 0.045348 0.035724
6 0.700990 0.577564 0.047279 0.035730
0 0.746804 0.613842 0.047003 0.035729
15 0.745949 0.578394 0.045622 0.034898
6 0.746197 0.543363 0.046454 0.036555
11 0.701654 0.541569 0.044524 0.036549
15 0.700662 0.506120 0.045067 0.034068
29 0.700772 0.470675 0.044520 0.035446
22 0.700742 0.436333 0.047552 0.034628
31 0.430124 0.663193 0.033519 0.045893
17 0.463501 0.663022 0.035729 0.047003
8 0.498811 0.662305 0.033521 0.046445
11 0.532597 0.663651 0.033794 0.045618
15 0.568321 0.662660 0.033527 0.048376
6 0.602524 0.663180 0.032973 0.047546
23 0.428874 0.710082 0.033521 0.046445
27 0.462934 0.711981 0.034901 0.046725
2 0.502798 0.710451 0.043414 0.034615
22 0.540863 0.710708 0.034624 0.046448
26 0.577547 0.711512 0.031867 0.046716
16 0.610783 0.712443 0.035458 0.048382
14 0.428171 0.758490 0.035173 0.045622
33 0.463617 0.758463 0.034345 0.045344
29 0.499063 0.758297 0.034630 0.048103
30 0.533404 0.758405 0.033793 0.045342
12 0.567747 0.758236 0.032411 0.044235
1 0.175180 0.949959 0.050179 0.080976
2 0.223040 0.949281 0.051555 0.079877
3 0.268554 0.949286 0.049904 0.081251
5 0.314340 0.950118 0.048800 0.080972
5 0.360544 0.950125 0.049626 0.080699
9 0.406749 0.949304 0.050455 0.080977
9 0.455157 0.950007 0.048529 0.082626
9 0.500810 0.949598 0.048252 0.082074
18 0.548670 0.948920 0.046874 0.082621
19 0.594319 0.949476 0.045768 0.081790
19 0.640662 0.948931 0.046876 0.083173
19 0.688104 0.949769 0.047971 0.080693
20 0.734582 0.950190 0.049904 0.081251
30 0.383864 0.504993 0.044237 0.033238
33 0.383836 0.469547 0.045066 0.033517
32 0.384639 0.433553 0.045348 0.035448
13 0.382376 0.539606 0.045348 0.035724
25 0.380336 0.574631 0.042862 0.034613
27 0.381055 0.609389 0.044517 0.034618
15 0.339129 0.432169 0.043966 0.034617
12 0.337366 0.466920 0.043961 0.032962
16 0.336979 0.502502 0.046169 0.033520
28 0.336042 0.537530 0.044517 0.034618
24 0.335103 0.572973 0.044520 0.035446
15 0.335407 0.608281 0.047559 0.037110
4 0.292235 0.432574 0.044521 0.035722
33 0.290884 0.467878 0.045895 0.034071
21 0.291054 0.501531 0.044793 0.034619
18 0.290530 0.536974 0.044520 0.035446
7 0.289178 0.572415 0.045345 0.034621
29 0.288513 0.608686 0.045342 0.033793
