31 0.061627 0.119773 0.036143 0.046496
31 0.096106 0.118679 0.036026 0.048014
31 0.136850 0.110682 0.046533 0.036906
14 0.176003 0.113284 0.035970 0.046868
14 0.216657 0.105388 0.046277 0.035561
14 0.256447 0.109298 0.034970 0.045868
7 0.407587 0.253364 0.035767 0.047788
30 0.443000 0.251651 0.037164 0.048755
1 0.478407 0.249788 0.036426 0.049020
1 0.514676 0.247054 0.036870 0.048891
21 0.549079 0.244712 0.035990 0.049299
29 0.374728 0.301679 0.036019 0.049900
27 0.409810 0.300886 0.037882 0.051190
0 0.444481 0.297853 0.036965 0.050846
21 0.479702 0.296828 0.039378 0.051113
6 0.515782 0.294857 0.037193 0.049357
8 0.551346 0.293137 0.037072 0.049951
3 0.376114 0.350598 0.037050 0.049500
30 0.411053 0.349964 0.037695 0.050431
28 0.446806 0.347481 0.036191 0.050358
7 0.482553 0.346430 0.039657 0.050676
25 0.517880 0.342913 0.037314 0.048763
7 0.553541 0.341641 0.036397 0.048418
13 0.604923 0.386893 0.046524 0.038930
12 0.604964 0.423171 0.047011 0.037247
22 0.606864 0.459502 0.052550 0.040074
4 0.608391 0.496994 0.048491 0.038456
2 0.610962 0.532436 0.047530 0.042106
20 0.612272 0.568367 0.049415 0.039922
1 0.659801 0.567640 0.048519 0.039026
6 0.658735 0.530839 0.050514 0.039123
0 0.707994 0.565880 0.050229 0.039109
15 0.705225 0.529305 0.048763 0.038185
6 0.703617 0.493103 0.049700 0.039936
11 0.657506 0.493619 0.047705 0.039840
15 0.654595 0.457051 0.048151 0.037302
29 0.652824 0.420428 0.047650 0.038700
22 0.650965 0.384951 0.050744 0.037996
31 0.383467 0.633710 0.036774 0.048979
17 0.417938 0.631757 0.039109 0.050229
8 0.454378 0.629138 0.036801 0.049549
11 0.489353 0.628732 0.037045 0.048707
15 0.526206 0.625807 0.036898 0.051544
6 0.561567 0.624525 0.036286 0.050661
23 0.384670 0.682216 0.036801 0.049549
27 0.419957 0.682366 0.038240 0.049903
2 0.461058 0.678665 0.046469 0.037790
22 0.500396 0.676905 0.037941 0.049604
26 0.538336 0.675784 0.035105 0.049751
16 0.572720 0.674978 0.038893 0.051640
14 0.386519 0.732262 0.038470 0.048776
33 0.423135 0.730348 0.037601 0.048450
29 0.459744 0.728292 0.038024 0.051314
30 0.495227 0.726576 0.037031 0.048422
12 0.530697 0.724575 0.035551 0.047214
1 0.135347 0.943523 0.055624 0.086001
2 0.184754 0.940276 0.056994 0.084930
3 0.231773 0.937859 0.055353 0.086273
5 0.279118 0.936284 0.054199 0.085932
5 0.326849 0.933832 0.055041 0.085689
9 0.374539 0.930526 0.055910 0.086015
9 0.424585 0.928677 0.053997 0.087629
9 0.471726 0.925826 0.053685 0.087045
18 0.521133 0.922579 0.052287 0.087546
19 0.568322 0.920726 0.051106 0.086636
19 0.616168 0.917697 0.052315 0.088116
19 0.665224 0.916039 0.053331 0.085606
20 0.713261 0.914002 0.055353 0.086273
30 0.327260 0.472739 0.047255 0.036406
33 0.325346 0.436123 0.048124 0.036732
32 0.324260 0.398895 0.048505 0.038741
13 0.327565 0.508576 0.048519 0.039026
25 0.327321 0.544868 0.045899 0.037762
27 0.329912 0.580737 0.047609 0.037845
15 0.277172 0.399887 0.047039 0.037817
12 0.277199 0.435880 0.046956 0.036107
16 0.278692 0.472660 0.049264 0.036787
28 0.279588 0.508897 0.047609 0.037845
24 0.280504 0.545561 0.047650 0.038700
15 0.282696 0.582021 0.050868 0.040561
4 0.228749 0.402800 0.047664 0.038985
33 0.229231 0.439343 0.049006 0.037344
21 0.231198 0.474100 0.047894 0.037859
18 0.232541 0.510743 0.047650 0.038700
7 0.233030 0.547428 0.048464 0.037886
29 0.234273 0.584934 0.048422 0.037031
