31 0.469822 0.539947 0.112149 0.153858
17 0.581971 0.539021 0.119564 0.157565
8 0.700608 0.536240 0.112149 0.155711
11 0.814147 0.540411 0.113076 0.152931
15 0.934175 0.536703 0.112149 0.162199
23 0.466114 0.697512 0.112149 0.155711
27 0.580581 0.703537 0.116783 0.156638
2 0.714511 0.697976 0.145516 0.115857
22 0.842416 0.698439 0.115857 0.155711
26 0.954139 0.700756 0.083491 0.156638
14 0.464261 0.860175 0.117710 0.152931
33 0.583361 0.859712 0.114930 0.152004
29 0.702462 0.858785 0.115857 0.161272
30 0.817855 0.858785 0.113076 0.152004
12 0.933248 0.857858 0.108442 0.148296
30 0.312720 0.032236 0.148296 0.064472
13 0.308086 0.125181 0.152004 0.119564
25 0.301598 0.242891 0.143662 0.115857
27 0.304378 0.359675 0.149223 0.115857
28 0.152375 0.118693 0.149223 0.115857
24 0.149594 0.237793 0.149223 0.118637
15 0.150984 0.356431 0.159419 0.124198
