14 0.46531199 0.37766831 0.03448276 0.04926108
11 0.49815271 0.37787356 0.03612479 0.05131363
29 0.53366174 0.37828407 0.03489327 0.04885057
32 0.56732348 0.37807882 0.03571429 0.04926108
13 0.60119048 0.60816913 0.04597701 0.03489327
8 0.60344828 0.57060755 0.04885057 0.03612479
7 0.60591133 0.53366174 0.05295567 0.03694581
3 0.60570608 0.49753695 0.04926108 0.03366174
2 0.48275862 0.65558292 0.03571429 0.04844007
19 0.45032841 0.65701970 0.03407225 0.04885057
22 0.41728243 0.65743021 0.03858785 0.04720854
6 0.38300493 0.65701970 0.03489327 0.05049261
25 0.34359606 0.53099343 0.04310345 0.03325123
24 0.34503284 0.49507389 0.04515599 0.03612479
29 0.34339080 0.45935961 0.04679803 0.03530378
15 0.34482759 0.42323481 0.04638752 0.03612479
0 0.13998358 0.93472906 0.05090312 0.07430213
9 0.18452381 0.93370279 0.04885057 0.07471264
12 0.22721675 0.93431856 0.04556650 0.07348112
12 0.27032020 0.93370279 0.04474548 0.07307061
13 0.31321839 0.93349754 0.04597701 0.07758621
15 0.35755337 0.93308703 0.04433498 0.07758621
17 0.40127258 0.93288177 0.04556650 0.07717570
17 0.44458128 0.93247126 0.04269294 0.07635468
18 0.48932677 0.93329228 0.04597701 0.07307061
27 0.53181445 0.93247126 0.04146141 0.07553366
29 0.57512315 0.93288177 0.04187192 0.07635468
32 0.61678982 0.93267652 0.04310345 0.07676519
33 0.66194581 0.93247126 0.04967159 0.07635468
26 0.71674877 0.93103448 0.05418719 0.07840722
