14 0.465312 0.377668 0.034483 0.049261
11 0.498153 0.377874 0.036125 0.051314
29 0.533662 0.378284 0.034893 0.048851
32 0.567323 0.378079 0.035714 0.049261
13 0.601190 0.608169 0.045977 0.034893
8 0.603448 0.570608 0.048851 0.036125
7 0.605911 0.533662 0.052956 0.036946
10 0.605706 0.497537 0.049261 0.033662
2 0.482759 0.655583 0.035714 0.048440
2 0.450328 0.657020 0.034072 0.048851
29 0.417282 0.657430 0.038588 0.047209
6 0.383005 0.657020 0.034893 0.050493
25 0.343596 0.530993 0.043103 0.033251
24 0.345033 0.495074 0.045156 0.036125
19 0.343391 0.459360 0.046798 0.035304
15 0.344828 0.423235 0.046388 0.036125
0 0.139984 0.934729 0.050903 0.074302
9 0.184524 0.933703 0.048851 0.074713
12 0.227217 0.934319 0.045567 0.073481
12 0.270320 0.933703 0.044745 0.073071
13 0.313218 0.933498 0.045977 0.077586
15 0.357553 0.933087 0.044335 0.077586
17 0.401273 0.932882 0.045567 0.077176
17 0.444581 0.932471 0.042693 0.076355
18 0.489327 0.933292 0.045977 0.073071
27 0.531814 0.932471 0.041461 0.075534
29 0.575123 0.932882 0.041872 0.076355
32 0.616790 0.932677 0.043103 0.076765
33 0.661946 0.932471 0.049672 0.076355
26 0.716749 0.931034 0.054187 0.078407
