1 0.182873 0.918637 0.053288 0.079052
1 0.230994 0.917077 0.052393 0.080255
2 0.277167 0.917519 0.051207 0.082364
3 0.323626 0.916590 0.051798 0.081158
5 0.371295 0.915340 0.050575 0.080534
7 0.417313 0.915480 0.047206 0.078363
11 0.464836 0.914688 0.051182 0.080542
12 0.511145 0.913913 0.046648 0.081999
14 0.557134 0.911927 0.050624 0.084178
16 0.605433 0.912340 0.046352 0.082603
22 0.652645 0.910945 0.049130 0.085980
27 0.698958 0.910473 0.048190 0.083842
27 0.745117 0.909851 0.049996 0.082651
24 0.807685 0.909768 0.049385 0.082340
26 0.431665 0.627955 0.033402 0.045386
17 0.466281 0.627185 0.035832 0.045419
29 0.501362 0.627168 0.034334 0.046917
18 0.537368 0.628202 0.034670 0.049350
19 0.572131 0.627126 0.037379 0.047565
19 0.606580 0.625296 0.037703 0.049087
3 0.432020 0.676851 0.034634 0.046617
3 0.466030 0.676241 0.038314 0.049399
17 0.658124 0.573423 0.046937 0.035852
11 0.703690 0.573872 0.045144 0.037954
28 0.657358 0.539111 0.046338 0.036451
3 0.656714 0.502520 0.046646 0.036759
4 0.656225 0.466230 0.047873 0.037687
18 0.657115 0.430833 0.046933 0.035549
13 0.656257 0.389689 0.037399 0.049083
24 0.703821 0.538486 0.046945 0.036460
18 0.608028 0.349334 0.036492 0.049375
0 0.573546 0.348736 0.034354 0.048435
8 0.538929 0.349354 0.034958 0.048140
7 0.503700 0.349676 0.037416 0.050298
8 0.469704 0.351349 0.034978 0.049658
28 0.435089 0.352118 0.039246 0.050930
2 0.606920 0.300904 0.035577 0.049059
2 0.571523 0.300014 0.037083 0.048168
7 0.382074 0.576684 0.049071 0.036488
4 0.381887 0.540238 0.047856 0.036472
20 0.381097 0.504105 0.046633 0.035848
25 0.381380 0.468716 0.044512 0.036123
28 0.381059 0.433639 0.046650 0.037063
32 0.379973 0.398117 0.047265 0.037678
32 0.334555 0.397362 0.045759 0.038569
2 0.333519 0.433216 0.046358 0.037970
