1 0.150971 0.935329 0.054677 0.081851
1 0.201173 0.934257 0.053730 0.083116
2 0.249320 0.935249 0.052468 0.085330
3 0.297781 0.934815 0.053099 0.084065
5 0.347508 0.934062 0.051830 0.083428
7 0.395496 0.934738 0.048341 0.081202
11 0.445066 0.934459 0.052464 0.083430
12 0.493369 0.934184 0.047717 0.085002
14 0.541352 0.932643 0.051840 0.087229
16 0.591717 0.933630 0.047401 0.085635
22 0.640968 0.932719 0.050260 0.089126
27 0.689272 0.932761 0.049305 0.086906
27 0.737417 0.932644 0.051202 0.085644
24 0.802668 0.933278 0.050568 0.085325
26 0.413777 0.635053 0.034321 0.046961
17 0.449885 0.634649 0.036855 0.046967
29 0.486469 0.635036 0.035276 0.048547
18 0.524007 0.636529 0.035598 0.051081
19 0.560273 0.635808 0.038444 0.049188
19 0.596220 0.634296 0.038765 0.050772
3 0.413583 0.686050 0.035592 0.048231
3 0.449058 0.685806 0.039399 0.051090
17 0.650570 0.580793 0.048550 0.036859
11 0.698084 0.581787 0.046655 0.039072
28 0.650167 0.545002 0.047918 0.037491
3 0.649916 0.506835 0.048236 0.037809
4 0.649825 0.468984 0.049505 0.038762
18 0.651161 0.432080 0.048550 0.036543
13 0.650741 0.389162 0.038448 0.050771
24 0.698629 0.544885 0.048552 0.037493
18 0.600909 0.346522 0.037499 0.051086
0 0.564956 0.345500 0.035279 0.050130
8 0.528847 0.345746 0.035912 0.049815
7 0.492105 0.345677 0.038451 0.052038
8 0.456633 0.347029 0.035916 0.051399
28 0.420525 0.347433 0.040353 0.052676
2 0.600311 0.296003 0.036548 0.050767
2 0.563408 0.294667 0.038129 0.049820
7 0.362650 0.581014 0.050769 0.037498
4 0.362875 0.543004 0.049502 0.037495
20 0.362467 0.505312 0.048234 0.036858
25 0.363170 0.468410 0.046017 0.037170
28 0.363240 0.431826 0.048237 0.038125
32 0.362517 0.394768 0.048872 0.038760
32 0.315160 0.393457 0.047290 0.039707
2 0.313667 0.430837 0.047922 0.039075
