31 0.08080297 0.67560729 0.04554656 0.03373819
31 0.07641700 0.71676788 0.03609987 0.04453441
31 0.08097166 0.75759109 0.04790823 0.03508772
32 0.08215250 0.79436572 0.04757085 0.03441296
32 0.07692308 0.83535762 0.03576248 0.04554656
32 0.08097166 0.87702429 0.04858300 0.03643725
5 0.15654521 0.92796896 0.05398111 0.07894737
5 0.20630904 0.92763158 0.05296896 0.08097166
5 0.25202429 0.92796896 0.05533063 0.08164642
21 0.29942645 0.92864372 0.04824561 0.08097166
23 0.34665992 0.92796896 0.05364372 0.08130904
24 0.39574899 0.92645074 0.04858300 0.08434548
24 0.44146424 0.92830634 0.04689609 0.08198381
24 0.48819163 0.92712551 0.04723347 0.08097166
26 0.53525641 0.92712551 0.04757085 0.08367072
26 0.58181511 0.92695682 0.05296896 0.08265857
29 0.40975034 0.63950742 0.03475034 0.04824561
28 0.44315115 0.63815789 0.03542510 0.04689609
1 0.48026316 0.63782051 0.03475034 0.04622132
11 0.51481788 0.63748124 0.03379204 0.05026612
4 0.54894015 0.63809227 0.03553616 0.04738155
17 0.58551538 0.63778055 0.03512053 0.04634248
3 0.40960100 0.68672070 0.03366584 0.04696592
10 0.44492934 0.68661679 0.03532835 0.04634248
17 0.47973815 0.68651288 0.03428928 0.04613466
14 0.51433915 0.68620116 0.03574397 0.04717373
10 0.54987531 0.68599335 0.03574397 0.04675810
9 0.63684539 0.58634663 0.04467997 0.03366584
9 0.63632585 0.55164173 0.04530341 0.03699086
12 0.63715711 0.51517041 0.04696592 0.03553616
0 0.68422693 0.58759352 0.04592685 0.03408146
0 0.68370740 0.55236908 0.04571904 0.03512053
18 0.68453865 0.51704073 0.04613466 0.03428928
24 0.63663757 0.47911471 0.04675810 0.03512053
25 0.63622195 0.44316293 0.04717373 0.03512053
6 0.63684539 0.40762677 0.04800499 0.03387365
23 0.58821696 0.35920615 0.03366584 0.04696592
13 0.55195345 0.35827099 0.03553616 0.04509559
4 0.51652120 0.35837490 0.03449709 0.04613466
14 0.48140067 0.35816708 0.03699086 0.04655029
28 0.44565669 0.35920615 0.03491272 0.04696592
11 0.41115960 0.35941397 0.03615960 0.04862843
17 0.58728180 0.31016209 0.03553616 0.04696592
29 0.35899834 0.40409393 0.04634248 0.03595179
8 0.35806318 0.44035744 0.04613466 0.03491272
10 0.35806318 0.47599751 0.04655029 0.03553616
2 0.35899834 0.51205320 0.04758936 0.03906899
14 0.35879052 0.54790108 0.04717373 0.03636741
17 0.35962178 0.58322943 0.04717373 0.03595179
7 0.31234414 0.40336658 0.04821280 0.03553616
12 0.31161679 0.44066916 0.04634248 0.03532835
28 0.31192851 0.47641313 0.04613466 0.03491272
27 0.81979927 0.91590633 0.03467153 0.04531630
27 0.86040146 0.91940389 0.04470803 0.03163017
27 0.89993917 0.91377737 0.03619221 0.04531630
