29 0.082501 0.481691 0.115834 0.160819
28 0.193837 0.477193 0.118084 0.156320
1 0.317544 0.476068 0.115834 0.154071
11 0.432726 0.474937 0.112640 0.167554
4 0.546467 0.476974 0.118454 0.157938
17 0.668385 0.475935 0.117068 0.154475
3 0.082003 0.639069 0.112219 0.156553
10 0.199764 0.638723 0.117761 0.154475
17 0.315794 0.638376 0.114298 0.153782
14 0.431130 0.637337 0.119147 0.157246
10 0.549584 0.636644 0.119147 0.155860
9 0.839485 0.304489 0.148933 0.112219
9 0.837753 0.188806 0.151011 0.123303
12 0.840524 0.067235 0.156553 0.118454
