28 0.419353 0.634873 0.036573 0.045274
2 0.162176 0.901675 0.057951 0.078461
4 0.210329 0.902115 0.054563 0.082531
7 0.254752 0.905485 0.052782 0.079196
13 0.299903 0.907256 0.052578 0.081788
17 0.345676 0.909709 0.052813 0.079848
19 0.391494 0.911184 0.054533 0.081879
22 0.436421 0.914251 0.051956 0.082410
24 0.481239 0.916169 0.052327 0.083403
25 0.525598 0.917413 0.052282 0.082425
26 0.571363 0.920029 0.053836 0.080871
30 0.618462 0.922054 0.049584 0.080348
31 0.665451 0.922930 0.050205 0.079727
33 0.708654 0.924447 0.052593 0.082114
