28 0.401755 0.630166 0.036193 0.044743
2 0.174549 0.916338 0.057370 0.077523
4 0.221852 0.912219 0.054043 0.081525
7 0.265773 0.911329 0.052277 0.078232
13 0.310256 0.908800 0.052083 0.080787
17 0.355414 0.906882 0.052309 0.078875
19 0.400524 0.904000 0.054011 0.080882
22 0.444910 0.902764 0.051473 0.081397
24 0.489080 0.900412 0.051842 0.082377
25 0.532737 0.897441 0.051794 0.081413
26 0.577902 0.895684 0.053321 0.079887
30 0.624322 0.893220 0.049128 0.079358
31 0.670524 0.889639 0.049739 0.078747
33 0.713072 0.887046 0.052099 0.081108
