2 0.295824 0.859857 0.106273 0.153505
3 0.393085 0.858614 0.101923 0.154748
5 0.487239 0.859235 0.103787 0.155991
6 0.577975 0.857992 0.102544 0.157234
14 0.668711 0.858303 0.097572 0.160342
16 0.761622 0.859546 0.095708 0.162827
18 0.851426 0.858614 0.098815 0.160963
19 0.940919 0.856749 0.093843 0.160963
17 0.795724 0.296511 0.062815 0.090645
32 0.863310 0.297902 0.065996 0.096608
28 0.930895 0.296113 0.067586 0.089849
16 0.702893 0.188748 0.092183 0.067364
32 0.702006 0.120055 0.094842 0.065591
29 0.701120 0.050253 0.091296 0.072239
