28 0.64537546 0.47321429 0.04830586 0.03594322
28 0.64400183 0.50892857 0.04693223 0.03731685
19 0.64388736 0.54384158 0.04532967 0.03388278
26 0.64308608 0.58047161 0.04784799 0.03296703
29 0.52106227 0.63095238 0.03708791 0.04945055
29 0.48511905 0.63060897 0.03525641 0.04739011
26 0.44997711 0.63083791 0.03365385 0.04647436
18 0.41643773 0.63186813 0.03525641 0.04807692
24 0.37042125 0.50434982 0.04487179 0.03479853
23 0.37030678 0.46840659 0.04601648 0.03571429
29 0.37202381 0.43292125 0.04578755 0.03434066
0 0.37133700 0.39686355 0.04853480 0.03731685
1 0.59729853 0.35222070 0.03434066 0.04670330
18 0.56330128 0.35233516 0.03640110 0.04510073
23 0.52438187 0.35233516 0.04464286 0.03502747
24 0.48443223 0.35267857 0.03205128 0.04716117
5 0.15572542 0.92565947 0.05305755 0.08153477
6 0.20488609 0.92595923 0.05425659 0.08393285
7 0.25254796 0.92625899 0.05005995 0.08393285
9 0.29961031 0.92550959 0.04826139 0.08363309
11 0.34637290 0.92476019 0.05185851 0.08333333
13 0.39223621 0.92476019 0.04766187 0.08333333
15 0.43989808 0.92431055 0.04886091 0.08483213
20 0.48666067 0.92431055 0.05005995 0.08603118
21 0.53297362 0.92505995 0.04706235 0.08393285
27 0.58108513 0.92431055 0.04856115 0.08543165
30 0.62829736 0.92371103 0.04646283 0.08303357
31 0.67610911 0.92446043 0.04616307 0.08393285
31 0.72392086 0.92311151 0.05125899 0.08603118
