28 0.639276 0.464999 0.048618 0.036425
28 0.638318 0.500653 0.047263 0.037780
19 0.638607 0.535493 0.045625 0.034334
26 0.638231 0.572054 0.048127 0.033450
29 0.517050 0.623837 0.037580 0.049774
29 0.481180 0.623909 0.035729 0.047696
26 0.446115 0.624544 0.034119 0.046764
18 0.412659 0.625959 0.035737 0.048382
24 0.365268 0.499244 0.045178 0.035243
23 0.364738 0.463379 0.046331 0.036170
29 0.366042 0.427950 0.046087 0.034796
0 0.364940 0.391977 0.048862 0.037798
1 0.589904 0.344818 0.034807 0.047001
18 0.555980 0.345325 0.036845 0.045425
23 0.517144 0.345775 0.044952 0.035469
24 0.477283 0.346579 0.032528 0.047431
5 0.155897 0.922137 0.053886 0.081974
6 0.204956 0.921868 0.055111 0.084381
7 0.252520 0.921616 0.050923 0.084332
9 0.299473 0.920325 0.049125 0.084012
11 0.346128 0.919037 0.052711 0.083755
13 0.391893 0.918507 0.048523 0.083706
15 0.439448 0.917507 0.049737 0.085216
20 0.486111 0.916967 0.050947 0.086426
21 0.532334 0.917180 0.047932 0.084298
27 0.580334 0.915876 0.049445 0.085811
30 0.627439 0.914733 0.047323 0.083393
31 0.675158 0.914928 0.047034 0.084287
31 0.722852 0.913030 0.052144 0.086440
