4 0.130582 0.114317 0.034622 0.050193
2 0.164775 0.115624 0.036710 0.056503
3 0.204163 0.108477 0.048594 0.044899
18 0.440111 0.367153 0.036950 0.055423
33 0.473300 0.366720 0.038133 0.058718
32 0.507942 0.364748 0.039949 0.055783
27 0.542351 0.364144 0.037541 0.057071
2 0.576484 0.363411 0.038405 0.058726
30 0.612229 0.361951 0.037086 0.060046
19 0.610101 0.308128 0.037869 0.049745
8 0.575544 0.308328 0.037277 0.048098
28 0.661907 0.408523 0.047122 0.041052
33 0.664511 0.446140 0.047386 0.040788
32 0.664547 0.484376 0.047874 0.038901
18 0.665140 0.523004 0.046274 0.039940
28 0.667236 0.561860 0.048738 0.040556
33 0.713186 0.560371 0.047658 0.040796
0 0.715714 0.600031 0.046074 0.042380
18 0.668628 0.599920 0.049233 0.038941
1 0.619413 0.656887 0.036118 0.054856
12 0.583724 0.655624 0.037085 0.050809
19 0.549410 0.659492 0.039045 0.052768
27 0.514329 0.660388 0.035726 0.050769
9 0.479632 0.660457 0.036054 0.052680
30 0.445667 0.662273 0.037141 0.052712
31 0.447383 0.715972 0.038045 0.055727
4 0.481361 0.714564 0.036950 0.055423
0 0.516406 0.712444 0.035270 0.053744
25 0.551775 0.712083 0.034846 0.057807
33 0.389367 0.413823 0.048754 0.041100
28 0.390480 0.451619 0.048722 0.040012
25 0.391068 0.490111 0.049833 0.040860
29 0.392896 0.529111 0.049617 0.042756
30 0.394681 0.566616 0.050369 0.040604
7 0.394729 0.605260 0.049761 0.038413
9 0.341630 0.414684 0.045747 0.040468
5 0.342195 0.452360 0.046234 0.038581
18 0.344601 0.492499 0.047054 0.038741
24 0.763208 0.925880 0.049471 0.091110
23 0.713482 0.957208 0.048333 0.083085
22 0.667123 0.957146 0.046947 0.083208
22 0.622368 0.957800 0.047471 0.081901
21 0.576627 0.958915 0.048991 0.079670
16 0.531907 0.959280 0.047809 0.078940
16 0.487028 0.959316 0.050573 0.078868
15 0.441918 0.961338 0.050830 0.074824
14 0.397056 0.962276 0.054127 0.072948
13 0.350813 0.962494 0.055353 0.072512
6 0.308381 0.963321 0.048422 0.070858
5 0.260032 0.964672 0.043499 0.068156
4 0.216694 0.965494 0.059512 0.066511
24 0.123765 0.842340 0.036470 0.049372
25 0.129458 0.886775 0.047906 0.037936
26 0.131760 0.923901 0.049807 0.041010
