18 0.711834 0.070461 0.149955 0.128275
28 0.714995 0.199639 0.158085 0.130081
33 0.867660 0.199187 0.154472 0.130985
0 0.872177 0.331075 0.149051 0.136405
18 0.715899 0.326107 0.159892 0.124661
1 0.546974 0.510388 0.114724 0.178862
12 0.428636 0.502710 0.118338 0.165312
19 0.314363 0.512195 0.124661 0.171635
27 0.197832 0.511743 0.113821 0.165312
9 0.082656 0.508582 0.114724 0.171635
4 0.083108 0.688347 0.117435 0.180668
0 0.199639 0.684734 0.112014 0.175248
25 0.317073 0.686992 0.110208 0.188799
