13 0.320768 0.064162 0.154343 0.126869
27 0.322788 0.193050 0.156768 0.127677
31 0.319960 0.316687 0.154343 0.135758
29 0.320768 0.440323 0.155960 0.132525
30 0.321980 0.567596 0.155152 0.128485
0 0.474707 0.570020 0.153535 0.133333
19 0.474303 0.435071 0.152727 0.126869
20 0.474707 0.310222 0.156768 0.126061
26 0.472687 0.185374 0.159192 0.128485
18 0.469455 0.060162 0.155960 0.120323
22 0.630667 0.568000 0.160000 0.129293
8 0.051264 0.744057 0.102527 0.160887
21 0.155101 0.744057 0.117815 0.163420
10 0.048413 0.910567 0.096827 0.170866
28 0.151617 0.910884 0.115914 0.170233
