0 0.462115 0.331069 0.034458 0.049192
11 0.495004 0.331539 0.033722 0.051598
17 0.528092 0.330507 0.036370 0.052543
3 0.562181 0.328719 0.033975 0.050148
24 0.596443 0.327947 0.035456 0.051062
29 0.597361 0.378544 0.035203 0.052512
28 0.562381 0.379773 0.035771 0.051945
27 0.528576 0.381262 0.034558 0.050164
15 0.495146 0.380407 0.035432 0.050187
7 0.461467 0.381163 0.036929 0.051684
19 0.427815 0.382940 0.036039 0.051078
13 0.645165 0.425842 0.044978 0.036750
13 0.646326 0.463741 0.045884 0.037939
27 0.646719 0.500202 0.045900 0.038522
31 0.648310 0.537797 0.045947 0.040272
29 0.649164 0.575121 0.046191 0.038530
30 0.650022 0.612590 0.047595 0.036528
0 0.694906 0.610804 0.045923 0.039397
19 0.694620 0.572882 0.044970 0.036458
20 0.693470 0.535420 0.046483 0.038538
26 0.692183 0.498254 0.048823 0.038892
18 0.690293 0.460375 0.048823 0.038892
27 0.688127 0.423087 0.047579 0.035945
22 0.741253 0.609124 0.046436 0.036789
21 0.601575 0.666552 0.035716 0.049904
8 0.568479 0.667293 0.034849 0.050172
29 0.534643 0.667616 0.034881 0.051338
30 0.501578 0.669523 0.039262 0.051747
30 0.467880 0.669550 0.034873 0.051046
32 0.433933 0.671189 0.035787 0.052528
28 0.602738 0.715392 0.036583 0.049635
10 0.568917 0.716298 0.035448 0.050770
17 0.536121 0.717322 0.035669 0.048154
25 0.502457 0.718662 0.036000 0.049620
0 0.469235 0.720136 0.036000 0.049620
9 0.435095 0.720029 0.036055 0.051661
33 0.436313 0.770910 0.034542 0.049581
18 0.379204 0.430779 0.046199 0.038822
8 0.379499 0.468993 0.045293 0.037632
2 0.381358 0.505706 0.045923 0.039397
3 0.383090 0.543152 0.046176 0.037947
26 0.383357 0.580345 0.045892 0.038231
16 0.383628 0.617684 0.046184 0.038239
25 0.337993 0.580539 0.046207 0.039113
10 0.334819 0.505640 0.046145 0.036781
13 0.337273 0.542775 0.044450 0.038775
15 0.333934 0.467150 0.044135 0.037892
11 0.333970 0.430387 0.044978 0.036750
14 0.722520 0.949974 0.034472 0.046957
14 0.761572 0.953742 0.044955 0.035875
14 0.800071 0.947750 0.034464 0.046665
1 0.834034 0.946695 0.033613 0.047516
1 0.873082 0.950317 0.043489 0.035544
1 0.911013 0.944924 0.033644 0.048683
2 0.206542 0.965041 0.053762 0.067418
4 0.254948 0.964251 0.053210 0.068998
5 0.299120 0.963953 0.052887 0.069595
5 0.340698 0.963989 0.051429 0.069522
6 0.386918 0.963943 0.052840 0.069613
16 0.431254 0.962644 0.049459 0.072211
20 0.473933 0.962235 0.046749 0.073029
25 0.516669 0.961657 0.047670 0.074185
