0 0.447096 0.286111 0.034848 0.050758
11 0.481618 0.287531 0.034007 0.053309
10 0.516391 0.287377 0.036765 0.054228
3 0.552237 0.286458 0.034314 0.051777
24 0.588235 0.286612 0.035846 0.052696
29 0.587776 0.339767 0.035539 0.054228
28 0.551011 0.340074 0.036152 0.053615
27 0.515472 0.340686 0.034926 0.051777
15 0.480392 0.338848 0.035846 0.051777
7 0.445006 0.338695 0.037377 0.053309
19 0.409620 0.339614 0.036458 0.052696
28 0.636642 0.390778 0.046262 0.037377
13 0.636795 0.430607 0.047181 0.038603
27 0.636183 0.468903 0.047181 0.039216
31 0.636795 0.508425 0.047181 0.041054
29 0.636642 0.547641 0.047488 0.039216
30 0.636489 0.587010 0.049020 0.037071
1 0.683670 0.586397 0.047181 0.040135
19 0.684436 0.546569 0.046262 0.037071
20 0.684283 0.507200 0.047794 0.039216
26 0.683977 0.468137 0.050245 0.039522
18 0.683058 0.428309 0.050245 0.039522
27 0.681832 0.389093 0.049020 0.036458
22 0.732384 0.585938 0.047794 0.037377
21 0.584099 0.642310 0.036152 0.051471
8 0.549326 0.642157 0.035233 0.051777
29 0.513787 0.641544 0.035233 0.053002
30 0.479013 0.642616 0.039828 0.053309
30 0.443627 0.641697 0.035233 0.052696
17 0.407935 0.642463 0.036152 0.054228
28 0.583946 0.693627 0.037071 0.051164
10 0.548407 0.693627 0.035846 0.052390
17 0.513940 0.693781 0.036152 0.049632
25 0.478554 0.694240 0.036458 0.051164
0 0.443627 0.694853 0.036458 0.051164
9 0.407782 0.693781 0.036458 0.053309
33 0.407629 0.747243 0.034926 0.051164
18 0.357230 0.388480 0.047488 0.039522
8 0.356464 0.428615 0.046569 0.038297
2 0.357384 0.467218 0.047181 0.040135
3 0.358150 0.506587 0.047488 0.038603
26 0.357384 0.545650 0.047181 0.038909
16 0.356618 0.584865 0.047488 0.038909
25 0.309743 0.544577 0.047488 0.039828
10 0.308517 0.465839 0.047488 0.037377
13 0.310049 0.504902 0.045650 0.039522
15 0.308670 0.425398 0.045343 0.038603
11 0.309743 0.386795 0.046262 0.037377
14 0.703125 0.943321 0.034926 0.048407
14 0.744026 0.948376 0.046262 0.036458
14 0.784620 0.943168 0.034926 0.048100
1 0.820312 0.943015 0.034007 0.049020
1 0.861213 0.947917 0.044730 0.036152
1 0.901195 0.943321 0.034007 0.050245
29 0.160692 0.952206 0.054228 0.084559
4 0.211550 0.952512 0.053615 0.085784
5 0.257966 0.952512 0.053309 0.084559
5 0.301624 0.953738 0.051777 0.084559
6 0.350184 0.954044 0.053309 0.082721
16 0.396752 0.954810 0.049632 0.087316
20 0.441636 0.953431 0.046875 0.083946
25 0.486520 0.954350 0.047794 0.085784
