17 0.037122 0.095425 0.074244 0.180760
3 0.132455 0.092361 0.114379 0.172590
24 0.252451 0.092872 0.119485 0.175654
29 0.250919 0.270057 0.118464 0.180760
28 0.128370 0.271078 0.120507 0.178717
27 0.034058 0.273121 0.068117 0.172590
13 0.413807 0.440094 0.154208 0.124592
13 0.414318 0.572855 0.157271 0.128676
27 0.412275 0.700511 0.157271 0.130719
31 0.414318 0.832251 0.157271 0.136846
29 0.413807 0.946722 0.158292 0.098223
19 0.573121 0.946722 0.154208 0.098223
20 0.572610 0.828166 0.159314 0.130719
26 0.571589 0.697957 0.167484 0.131740
18 0.568525 0.565196 0.167484 0.131740
27 0.564440 0.434477 0.163399 0.121528
