31 0.523467 0.870444 0.154600 0.145802
27 0.522838 0.737211 0.165913 0.135747
15 0.525980 0.609634 0.162142 0.142031
12 0.522210 0.479544 0.167169 0.123177
12 0.527237 0.350082 0.164656 0.125691
31 0.522210 0.228161 0.164656 0.130719
28 0.370123 0.231303 0.157114 0.121921
8 0.368238 0.350710 0.153343 0.134490
16 0.367609 0.480801 0.157114 0.128205
16 0.366352 0.607120 0.164656 0.137004
29 0.935932 0.087371 0.119803 0.174742
9 0.817584 0.088000 0.124434 0.175999
14 0.698806 0.088000 0.125691 0.175999
