33 0.41902338 0.39423077 0.03525641 0.05052790
8 0.45343137 0.39555053 0.03582202 0.05241327
12 0.48831071 0.39602187 0.03582202 0.05297888
18 0.52375566 0.39555053 0.03469080 0.05052790
31 0.55778658 0.39498492 0.03374811 0.05015083
30 0.59285445 0.39658748 0.03487934 0.04996229
21 0.59351433 0.34841629 0.03619910 0.04562594
26 0.55854072 0.34832202 0.03525641 0.04506033
9 0.52319005 0.34747360 0.03582202 0.04524887
29 0.48802790 0.34634238 0.03450226 0.04638009
30 0.36321644 0.43259804 0.04619155 0.03412519
27 0.36453620 0.46672323 0.04732278 0.03450226
29 0.36425339 0.49962293 0.04638009 0.03506787
32 0.36425339 0.53299397 0.04675716 0.03393665
31 0.36519608 0.56740196 0.04788839 0.03450226
7 0.36434766 0.60171569 0.04883107 0.03827300
2 0.31589367 0.53299397 0.04694570 0.03355958
7 0.31495098 0.49802036 0.04694570 0.03261689
25 0.31579940 0.46493213 0.04788839 0.03469080
0 0.31655354 0.43118401 0.04675716 0.03318250
3 0.64225113 0.43750000 0.04581448 0.03280543
25 0.64121418 0.46983409 0.04638009 0.03148567
17 0.64121418 0.50358220 0.04713424 0.03412519
19 0.64149698 0.53601056 0.04694570 0.03186275
24 0.64168552 0.56872172 0.04694570 0.03431373
18 0.64121418 0.60275264 0.04713424 0.03525641
3 0.68853695 0.60322398 0.04675716 0.03393665
6 0.68721719 0.56900452 0.04788839 0.03261689
8 0.68674585 0.53695324 0.04619155 0.03035445
5 0.68768854 0.50405354 0.04732278 0.03355958
31 0.41449849 0.64790724 0.03525641 0.04487179
13 0.44881222 0.64819005 0.03676471 0.04506033
24 0.48397436 0.64847285 0.03657617 0.04638009
22 0.51932504 0.65045249 0.03638763 0.04543741
29 0.55486425 0.64950980 0.03619910 0.04619155
33 0.58983786 0.65111237 0.03601056 0.04675716
6 0.48397436 0.69513575 0.03544495 0.04732278
8 0.44928356 0.69353318 0.03619910 0.04638009
10 0.41440422 0.69419306 0.03506787 0.04769985
4 0.16289593 0.91808069 0.05599548 0.07258673
4 0.20974736 0.91704374 0.05354449 0.07428356
9 0.25763575 0.91789216 0.05241327 0.07220965
10 0.30514706 0.91732655 0.05241327 0.07296380
14 0.35162142 0.91723228 0.04996229 0.07296380
15 0.39781297 0.91732655 0.04883107 0.07352941
16 0.44457014 0.91751508 0.04920814 0.07466063
18 0.49142157 0.91760935 0.04769985 0.07428356
19 0.53770739 0.91704374 0.04675716 0.07428356
19 0.58399321 0.91638386 0.04694570 0.07522624
20 0.63027903 0.91600679 0.04524887 0.07560332
24 0.67533937 0.91610106 0.04675716 0.07579186
25 0.72332202 0.91676094 0.05071644 0.07522624
1 0.78271116 0.91562971 0.04694570 0.07598039
