33 0.530078 0.547436 0.117521 0.168426
8 0.644771 0.551835 0.119407 0.174711
12 0.761036 0.553406 0.119407 0.176596
18 0.879186 0.551835 0.115636 0.168426
31 0.966104 0.549950 0.059458 0.167169
9 0.877300 0.391579 0.119407 0.150830
29 0.760093 0.387808 0.115008 0.154600
30 0.344055 0.675327 0.153972 0.113751
27 0.348454 0.789077 0.157743 0.115008
29 0.347511 0.898743 0.154600 0.116893
7 0.183170 0.893401 0.156486 0.108723
25 0.185998 0.783107 0.159628 0.115636
0 0.188512 0.670613 0.155857 0.110608
