27 0.898620 0.062828 0.048682 0.039885
27 0.903250 0.106778 0.036810 0.050720
27 0.898406 0.150896 0.045379 0.038833
13 0.898256 0.188801 0.044563 0.040063
11 0.898940 0.228143 0.044967 0.038830
12 0.902726 0.269111 0.036781 0.046601
27 0.567599 0.274623 0.034774 0.054208
20 0.532259 0.273014 0.034148 0.052968
17 0.565899 0.326650 0.035173 0.052357
18 0.531084 0.326479 0.036827 0.053192
19 0.495550 0.326725 0.036621 0.053191
10 0.461051 0.327582 0.035997 0.052363
6 0.426341 0.327822 0.035391 0.054006
7 0.391734 0.328062 0.036215 0.054012
1 0.615559 0.373275 0.047653 0.040084
4 0.615310 0.411696 0.045818 0.042749
18 0.614665 0.452386 0.047033 0.039668
32 0.614726 0.491011 0.047864 0.040704
21 0.614382 0.530566 0.048896 0.041123
31 0.660942 0.531068 0.049308 0.041126
0 0.662039 0.570509 0.048082 0.042559
30 0.613937 0.570533 0.049506 0.039891
0 0.561693 0.626721 0.036004 0.053393
21 0.527914 0.627573 0.036007 0.053805
10 0.491761 0.627514 0.037465 0.056080
31 0.457776 0.628264 0.036208 0.052982
3 0.422759 0.628816 0.036212 0.053600
3 0.388868 0.628329 0.035180 0.053387
7 0.388810 0.679418 0.036820 0.052162
28 0.338396 0.374987 0.045589 0.039452
1 0.337433 0.414546 0.048072 0.041117
2 0.337972 0.492411 0.045592 0.039864
20 0.338625 0.452751 0.046626 0.040489
31 0.339074 0.532471 0.046415 0.039664
26 0.337373 0.569460 0.045363 0.036567
33 0.064448 0.796715 0.046817 0.038225
33 0.059490 0.839392 0.036811 0.050926
33 0.065057 0.884674 0.048470 0.039060
9 0.144399 0.933874 0.054361 0.086683
9 0.195279 0.933522 0.053131 0.087498
9 0.240799 0.932589 0.053537 0.086677
18 0.286950 0.933608 0.050632 0.083567
20 0.332381 0.934633 0.048774 0.082936
25 0.376873 0.934016 0.050829 0.082333
26 0.421113 0.934225 0.047014 0.081688
1 0.481822 0.932775 0.047964 0.084991
15 0.685003 0.926940 0.045169 0.038213
16 0.724928 0.921307 0.034534 0.049263
17 0.760254 0.920754 0.035142 0.047825
6 0.799639 0.926352 0.044965 0.038624
7 0.839569 0.921441 0.035577 0.051124
8 0.873862 0.920585 0.035371 0.051122
