9 0.563692 0.053355 0.111579 0.106710
17 0.682548 0.171099 0.082912 0.121722
18 0.764578 0.171540 0.082030 0.119958
29 0.847931 0.173304 0.083794 0.122604
5 0.927977 0.171981 0.080707 0.119958
16 0.847270 0.299436 0.087763 0.128778
10 0.763475 0.297011 0.086881 0.130102
21 0.680784 0.295688 0.079384 0.127455
3 0.112968 0.894155 0.135835 0.194050
3 0.226090 0.893714 0.133630 0.194932
6 0.329730 0.894596 0.122163 0.195814
6 0.439765 0.893714 0.120840 0.197578
7 0.545611 0.892611 0.124368 0.197137
7 0.653661 0.892611 0.119076 0.201547
8 0.760829 0.892832 0.115548 0.201106
8 0.869762 0.891288 0.113784 0.203311
10 0.958337 0.889965 0.077479 0.203311
