28 0.917533 0.793180 0.099900 0.155700
33 0.817633 0.788230 0.099900 0.149400
29 0.718633 0.790930 0.104400 0.161100
29 0.616933 0.786880 0.102600 0.153000
26 0.618283 0.929492 0.103500 0.134024
18 0.479232 0.623080 0.133200 0.117000
32 0.475632 0.511480 0.140400 0.112500
31 0.477432 0.404379 0.142200 0.107100
30 0.476982 0.291879 0.139500 0.110700
0 0.471132 0.181179 0.140400 0.107100
0 0.338382 0.076329 0.137700 0.115200
8 0.470682 0.074979 0.139500 0.119700
27 0.337032 0.190629 0.136800 0.117000
