27 0.586558 0.337045 0.039894 0.060815
31 0.552147 0.338054 0.037693 0.062360
18 0.515287 0.337202 0.038294 0.060775
25 0.480212 0.337267 0.039262 0.061119
28 0.443384 0.337695 0.037910 0.058206
17 0.407446 0.337017 0.036761 0.057573
29 0.550389 0.279796 0.037503 0.054677
19 0.585280 0.278775 0.037495 0.054356
28 0.638715 0.380124 0.047080 0.040835
19 0.638574 0.419849 0.046120 0.040812
5 0.640355 0.459527 0.049657 0.041539
29 0.641338 0.499384 0.049040 0.042483
18 0.641814 0.538133 0.049329 0.041211
21 0.691135 0.576637 0.049938 0.039946
17 0.642450 0.576878 0.051250 0.041258
9 0.594567 0.635560 0.036223 0.054645
0 0.558239 0.636777 0.035982 0.057838
28 0.524484 0.638411 0.036903 0.056261
33 0.488905 0.637527 0.036847 0.054020
10 0.689699 0.537912 0.047993 0.038938
29 0.453713 0.639357 0.038551 0.058222
29 0.417501 0.638809 0.037839 0.055325
26 0.419301 0.692261 0.038128 0.054052
18 0.367082 0.581752 0.048408 0.042788
32 0.364821 0.542087 0.050930 0.041250
31 0.364521 0.503974 0.051523 0.039345
30 0.363374 0.463960 0.050594 0.040602
0 0.360321 0.424634 0.050882 0.039329
0 0.312179 0.388503 0.049993 0.042187
8 0.359228 0.386862 0.050673 0.043803
27 0.312703 0.429173 0.049689 0.042819
4 0.189696 0.948430 0.057462 0.085564
4 0.237698 0.946445 0.054190 0.082604
5 0.281268 0.946651 0.052317 0.084477
7 0.327521 0.945189 0.052684 0.086406
7 0.372017 0.943930 0.051380 0.085414
15 0.416840 0.942984 0.050700 0.083797
15 0.460692 0.941582 0.050716 0.084438
20 0.506640 0.940768 0.050411 0.085070
22 0.551928 0.939170 0.046866 0.084023
22 0.598801 0.936892 0.047273 0.087552
23 0.644241 0.934969 0.048242 0.087896
24 0.688733 0.933551 0.049522 0.087928
32 0.734849 0.933053 0.051427 0.087335
14 0.794087 0.932072 0.059743 0.087220
