17 0.572732 0.337435 0.038634 0.050733
9 0.535595 0.335620 0.036137 0.052580
30 0.500770 0.336878 0.036433 0.051634
32 0.463141 0.335687 0.038685 0.052956
29 0.427407 0.335017 0.039660 0.053931
7 0.621741 0.389098 0.048805 0.037637
27 0.620244 0.426243 0.048820 0.038272
9 0.619090 0.462283 0.049448 0.037969
0 0.618989 0.500890 0.049167 0.039550
32 0.618127 0.538049 0.049137 0.038279
29 0.615063 0.574204 0.049743 0.037024
29 0.487125 0.623668 0.034742 0.047151
28 0.377996 0.622566 0.037681 0.050711
32 0.413275 0.622273 0.039565 0.049802
17 0.450405 0.624405 0.037688 0.051028
11 0.523952 0.625158 0.038582 0.048510
16 0.560450 0.627117 0.039240 0.049477
32 0.328144 0.566117 0.049485 0.039557
11 0.328375 0.528785 0.050068 0.037349
27 0.329883 0.491164 0.048820 0.038272
10 0.330760 0.453369 0.047549 0.038243
13 0.332420 0.416069 0.049751 0.037341
10 0.332484 0.379050 0.048835 0.038907
31 0.030036 0.780052 0.038634 0.050733
31 0.034477 0.821466 0.049138 0.038279
31 0.033611 0.858784 0.049160 0.039232
3 0.108151 0.912628 0.061307 0.083954
4 0.159292 0.913497 0.058175 0.085786
5 0.207881 0.914783 0.058139 0.084198
6 0.257759 0.915305 0.056233 0.084154
10 0.304446 0.916388 0.056883 0.084804
11 0.353050 0.917039 0.053020 0.082492
13 0.401333 0.917841 0.051159 0.084354
14 0.450391 0.919456 0.051809 0.085004
18 0.498183 0.920883 0.050221 0.084967
19 0.547559 0.922505 0.049268 0.084945
22 0.595709 0.922192 0.051498 0.085314
22 0.643046 0.922655 0.051543 0.087219
23 0.693844 0.924628 0.052761 0.085026
