17 0.58930760 0.36427696 0.03615196 0.04810049
9 0.55346201 0.36335784 0.03370098 0.04993873
30 0.51991422 0.36534926 0.03400735 0.04901961
32 0.48360907 0.36504289 0.03615196 0.05024510
29 0.44914216 0.36519608 0.03707108 0.05116422
7 0.63771446 0.41299020 0.04626225 0.03523284
27 0.63710172 0.44883578 0.04626225 0.03584559
9 0.63679534 0.48360907 0.04687500 0.03553922
0 0.63756127 0.52083333 0.04656863 0.03707108
32 0.63756127 0.55667892 0.04656863 0.03584559
29 0.63541667 0.59160539 0.04718137 0.03462010
29 0.51317402 0.64215686 0.03247549 0.04473039
28 0.40793505 0.64353554 0.03523284 0.04810049
32 0.44194240 0.64246324 0.03707108 0.04718137
17 0.47778799 0.64368873 0.03523284 0.04840686
11 0.54871324 0.64276961 0.03615196 0.04595588
16 0.58394608 0.64384191 0.03676471 0.04687500
32 0.35860907 0.59022672 0.04687500 0.03707108
11 0.35799632 0.55422794 0.04748775 0.03492647
27 0.35860907 0.51792279 0.04626225 0.03584559
10 0.35860907 0.48146446 0.04503676 0.03584559
13 0.35937500 0.44546569 0.04718137 0.03492647
10 0.35860907 0.40977328 0.04626225 0.03645833
31 0.07598039 0.80315564 0.03615196 0.04810049
31 0.08118873 0.84298407 0.04656863 0.03584559
31 0.08118873 0.87898284 0.04656863 0.03676471
3 0.15425858 0.92922794 0.05729167 0.07965686
4 0.20358456 0.92892157 0.05422794 0.08149510
5 0.25045956 0.92907475 0.05422794 0.07996324
6 0.29856005 0.92846201 0.05238971 0.07996324
10 0.34359681 0.92846201 0.05300245 0.08057598
11 0.39047181 0.92800245 0.04932598 0.07843137
13 0.43704044 0.92769608 0.04748775 0.08026961
14 0.48437500 0.92815564 0.04810049 0.08088235
18 0.53048407 0.92846201 0.04656863 0.08088235
19 0.57812500 0.92892157 0.04564951 0.08088235
22 0.62454044 0.92754289 0.04779412 0.08118873
22 0.67018995 0.92693015 0.04779412 0.08302696
23 0.71920956 0.92769608 0.04901961 0.08088235
