33 0.760092 0.938498 0.051914 0.094435
2 0.137612 0.932545 0.055561 0.093320
5 0.184292 0.933518 0.051276 0.093099
5 0.231828 0.934500 0.053166 0.093635
7 0.277731 0.936064 0.049047 0.092902
8 0.324683 0.935755 0.048182 0.092206
18 0.372315 0.935882 0.048547 0.094095
19 0.418827 0.936595 0.048383 0.094778
19 0.464235 0.936440 0.048722 0.094439
24 0.511600 0.937420 0.048907 0.095641
24 0.556833 0.937605 0.046852 0.095617
26 0.604634 0.937905 0.049591 0.095477
27 0.652604 0.938465 0.047368 0.095794
32 0.700588 0.937825 0.053527 0.095181
