3 0.113957 0.954799 0.062267 0.084955
4 0.160940 0.955844 0.059932 0.083369
5 0.212018 0.957151 0.054418 0.083199
10 0.257956 0.957844 0.056105 0.081812
11 0.305242 0.957997 0.054192 0.081506
12 0.351916 0.958634 0.050391 0.080232
12 0.399768 0.958871 0.051746 0.079757
14 0.446672 0.959016 0.050595 0.079468
18 0.494643 0.958978 0.049820 0.079543
18 0.540846 0.959789 0.048286 0.077922
21 0.588395 0.960590 0.051154 0.076320
22 0.636927 0.960461 0.050800 0.076578
23 0.686797 0.960717 0.052722 0.076065
22 0.456686 0.309715 0.036655 0.053717
15 0.492834 0.310520 0.037562 0.051437
25 0.529461 0.311335 0.037963 0.052213
31 0.564853 0.311643 0.038142 0.051642
16 0.564572 0.363056 0.037584 0.052396
29 0.528982 0.363031 0.036625 0.052375
10 0.492858 0.361172 0.038705 0.051079
17 0.456989 0.360757 0.037937 0.051062
10 0.421395 0.360924 0.037388 0.052200
6 0.386302 0.360143 0.036962 0.050274
13 0.613897 0.414038 0.048765 0.038078
1 0.612267 0.452757 0.048774 0.038462
27 0.610747 0.490904 0.049375 0.039625
32 0.610181 0.529264 0.048433 0.040371
33 0.609120 0.568284 0.050696 0.038696
9 0.607478 0.607579 0.050747 0.040997
9 0.656481 0.608382 0.047866 0.040741
26 0.657559 0.568594 0.048229 0.039791
7 0.657468 0.529549 0.049716 0.037716
16 0.658985 0.491594 0.048365 0.037302
28 0.660512 0.453160 0.048228 0.039791
0 0.329699 0.405837 0.048675 0.039282
8 0.327878 0.444459 0.049373 0.041858
28 0.327215 0.483855 0.049378 0.042071
30 0.326229 0.523351 0.048234 0.038632
7 0.324731 0.561874 0.049994 0.041018
27 0.323764 0.600516 0.048917 0.040567
15 0.280083 0.403664 0.048471 0.039704
8 0.279432 0.442526 0.048462 0.039277
2 0.278897 0.480964 0.049947 0.038883
2 0.277273 0.520339 0.049349 0.040790
20 0.276014 0.562498 0.036549 0.050535
8 0.374120 0.655786 0.037408 0.050768
9 0.409996 0.656264 0.038655 0.049302
0 0.445760 0.656954 0.037631 0.051199
29 0.483018 0.657676 0.037839 0.050991
30 0.520797 0.659051 0.037389 0.049914
30 0.556575 0.659100 0.038508 0.052286
31 0.372987 0.706707 0.038257 0.050573
5 0.408746 0.707609 0.038086 0.052490
14 0.444396 0.708617 0.037612 0.050345
23 0.481003 0.709859 0.036620 0.053738
15 0.517732 0.710356 0.036985 0.050972
