30 0.654745 0.038936 0.089048 0.070755
32 0.655090 0.108483 0.088358 0.069030
29 0.654573 0.176132 0.088013 0.065578
10 0.748798 0.347843 0.061436 0.087322
13 0.811615 0.347153 0.064888 0.086632
10 0.876848 0.345427 0.064197 0.088703
27 0.940010 0.347843 0.064888 0.090774
0 0.290476 0.899331 0.100225 0.148121
0 0.382940 0.898223 0.099782 0.153886
1 0.465205 0.898001 0.093130 0.151668
2 0.551683 0.898666 0.093130 0.152112
8 0.635278 0.898444 0.097121 0.152555
16 0.720203 0.900662 0.092243 0.153442
17 0.805350 0.898888 0.086478 0.156103
22 0.890275 0.897779 0.087808 0.156547
24 0.964172 0.896670 0.067080 0.157877
