29 0.578154 0.340627 0.036248 0.051971
32 0.542063 0.338282 0.036605 0.049895
0 0.507746 0.338035 0.036429 0.051217
9 0.472102 0.338247 0.036996 0.051222
17 0.345711 0.384448 0.046877 0.037331
9 0.345910 0.421416 0.047624 0.036393
30 0.343256 0.460057 0.049165 0.039244
32 0.343066 0.498156 0.048777 0.038295
29 0.342413 0.535210 0.048570 0.036403
10 0.393091 0.629784 0.034130 0.048169
13 0.427505 0.629749 0.036017 0.047810
10 0.463248 0.629160 0.035650 0.048940
27 0.497833 0.630828 0.036040 0.050078
11 0.531972 0.629939 0.035062 0.046855
28 0.622682 0.578088 0.045541 0.035994
32 0.623434 0.540562 0.046700 0.038464
17 0.624275 0.503604 0.046505 0.037895
29 0.624280 0.465126 0.046499 0.037327
0 0.139021 0.929379 0.055710 0.081685
0 0.189678 0.929276 0.055498 0.084840
1 0.234742 0.929603 0.051842 0.083589
2 0.282109 0.930440 0.051845 0.083832
8 0.327902 0.930774 0.054034 0.084097
16 0.374411 0.932452 0.051366 0.084556
17 0.421062 0.931945 0.048223 0.085982
22 0.467589 0.931801 0.048954 0.086233
24 0.514116 0.931657 0.049690 0.086969
26 0.562582 0.931897 0.048713 0.086473
31 0.609476 0.931514 0.048721 0.087202
31 0.654896 0.932695 0.048244 0.088169
32 0.704941 0.932951 0.054580 0.090175
