26 0.583733 0.340707 0.035852 0.053733
28 0.583146 0.288346 0.040661 0.054272
27 0.547213 0.287180 0.034516 0.053999
4 0.546198 0.340745 0.035583 0.052130
13 0.510480 0.287617 0.036919 0.052665
28 0.472411 0.287255 0.037190 0.056673
26 0.507463 0.342253 0.037722 0.054002
1 0.471531 0.341888 0.036387 0.054268
0 0.433861 0.340456 0.036917 0.050261
0 0.398465 0.341827 0.038791 0.054003
4 0.433808 0.287159 0.037989 0.054269
19 0.394059 0.662562 0.039363 0.058812
28 0.431159 0.661240 0.041567 0.058447
0 0.469544 0.660834 0.038260 0.057709
4 0.508482 0.660979 0.043402 0.057347
17 0.543746 0.661311 0.037526 0.058076
7 0.582684 0.662374 0.040463 0.056609
15 0.540128 0.717333 0.039729 0.057711
11 0.505048 0.716633 0.037890 0.055505
22 0.467397 0.717589 0.040460 0.053671
0 0.431765 0.716706 0.036786 0.052565
29 0.395032 0.716559 0.039726 0.054405
9 0.340161 0.393913 0.049264 0.041558
16 0.340753 0.434686 0.051103 0.043763
8 0.339141 0.475829 0.049266 0.043762
28 0.339368 0.519357 0.050371 0.046334
9 0.341063 0.562150 0.049998 0.040824
23 0.340369 0.602557 0.050000 0.043028
6 0.290201 0.391391 0.047794 0.040821
11 0.292999 0.434550 0.052570 0.041928
31 0.290471 0.477163 0.053306 0.042664
18 0.290881 0.519957 0.051837 0.043029
13 0.291104 0.559996 0.053673 0.042297
30 0.635154 0.604100 0.050736 0.044865
2 0.635846 0.560387 0.051469 0.042662
27 0.634335 0.518696 0.054409 0.043767
9 0.636314 0.477185 0.051838 0.044499
6 0.635354 0.435311 0.050737 0.045232
16 0.635129 0.393802 0.053304 0.040827
5 0.684019 0.429568 0.040093 0.053670
20 0.684434 0.477137 0.046695 0.043759
30 0.687048 0.519562 0.048898 0.043394
18 0.685803 0.561071 0.052938 0.042663
7 0.686397 0.603314 0.049633 0.043395
11 0.138724 0.972101 0.054089 0.053298
14 0.187763 0.972076 0.056661 0.053348
14 0.234412 0.971135 0.055191 0.055231
16 0.284554 0.972213 0.051148 0.053075
17 0.332124 0.972556 0.052984 0.052388
18 0.379694 0.971982 0.051150 0.053537
19 0.429833 0.972140 0.052983 0.053220
24 0.477768 0.971015 0.049679 0.055471
24 0.527176 0.970989 0.052253 0.055521
26 0.577133 0.971882 0.053720 0.053735
27 0.625805 0.971309 0.048212 0.054883
32 0.673190 0.970917 0.048947 0.055665
33 0.722963 0.970710 0.046376 0.056081
