29 0.961272 0.338096 0.065880 0.089907
0 0.894229 0.339065 0.068981 0.093395
9 0.826217 0.338871 0.067818 0.093783
14 0.891323 0.431297 0.063943 0.089520
5 0.825442 0.432654 0.063943 0.090682
8 0.759368 0.337709 0.065105 0.095333
31 0.760531 0.432460 0.065105 0.087195
27 0.668298 0.238888 0.087970 0.068206
7 0.669655 0.168745 0.086032 0.073631
30 0.668686 0.095695 0.085257 0.070918
28 0.672367 0.029924 0.089520 0.059848
2 0.581879 0.028568 0.085257 0.057136
18 0.973148 0.894876 0.049042 0.157228
14 0.902006 0.895790 0.089584 0.157228
12 0.811966 0.892134 0.094154 0.155400
12 0.727867 0.894419 0.095982 0.150830
11 0.641940 0.894876 0.095982 0.162713
10 0.555556 0.895790 0.106038 0.153572
5 0.471000 0.896248 0.105124 0.154486
4 0.382787 0.899904 0.100553 0.150830
3 0.296860 0.897162 0.102381 0.150830
