28 0.634350 0.415326 0.045072 0.039681
19 0.633290 0.453402 0.044765 0.038522
5 0.632978 0.489904 0.043615 0.038791
29 0.632079 0.526973 0.047659 0.039146
18 0.631190 0.563465 0.047039 0.036540
17 0.630568 0.601260 0.045318 0.037089
21 0.676044 0.599844 0.043871 0.036776
26 0.721042 0.601162 0.044987 0.034487
10 0.675495 0.563040 0.044433 0.035920
16 0.676680 0.526120 0.046193 0.037680
1 0.677430 0.489337 0.045304 0.036223
9 0.676884 0.452388 0.044159 0.036781
10 0.676773 0.415303 0.046779 0.038267
29 0.414504 0.648351 0.034256 0.048444
29 0.447399 0.648603 0.034256 0.048444
33 0.481013 0.649013 0.035098 0.047016
33 0.590138 0.699292 0.035098 0.047016
22 0.552067 0.697944 0.042404 0.035310
26 0.414576 0.696546 0.034208 0.045559
32 0.447767 0.696371 0.034800 0.046434
15 0.481095 0.696631 0.034521 0.047006
5 0.513680 0.698178 0.032823 0.048997
28 0.513889 0.650420 0.035722 0.049910
0 0.547078 0.650389 0.034625 0.053353
9 0.579833 0.650351 0.034828 0.048165
27 0.587527 0.367082 0.034053 0.053632
31 0.553790 0.365372 0.035159 0.050766
18 0.520464 0.364968 0.036020 0.050492
25 0.486713 0.364123 0.036020 0.050492
28 0.452671 0.363419 0.036072 0.053666
17 0.420358 0.362887 0.034294 0.050752
32 0.418030 0.311479 0.034256 0.048444
31 0.453058 0.313643 0.036867 0.049352
26 0.486248 0.313468 0.034563 0.049603
6 0.519408 0.315168 0.036909 0.051949
29 0.553027 0.315289 0.036039 0.051646
19 0.587809 0.314852 0.036304 0.050208
33 0.587898 0.265648 0.035415 0.048751
8 0.369695 0.407650 0.046231 0.039988
0 0.369493 0.446174 0.046496 0.038550
30 0.368491 0.480788 0.048496 0.037429
31 0.369138 0.520335 0.045938 0.039695
32 0.368999 0.555108 0.045616 0.037670
18 0.369112 0.592050 0.046443 0.035377
5 0.323357 0.592884 0.046141 0.034506
6 0.324263 0.555382 0.046207 0.038546
27 0.324157 0.518008 0.045923 0.038829
27 0.324313 0.482225 0.045029 0.037084
27 0.324644 0.444569 0.045649 0.039690
0 0.324391 0.407337 0.043899 0.038508
10 0.280109 0.406320 0.045313 0.036800
28 0.759347 0.940639 0.051218 0.087822
24 0.700481 0.940258 0.045599 0.079627
23 0.659141 0.939156 0.043926 0.080443
22 0.616753 0.937614 0.045191 0.080463
20 0.574105 0.939022 0.046049 0.081321
19 0.529376 0.938708 0.044361 0.081293
16 0.486555 0.937792 0.044735 0.078347
15 0.444593 0.936046 0.048581 0.081363
14 0.400887 0.937648 0.049812 0.079274
7 0.357637 0.937147 0.050213 0.078015
7 0.316079 0.936462 0.047231 0.076279
4 0.274110 0.935139 0.051105 0.080982
4 0.229616 0.933351 0.049846 0.081384
4 0.187182 0.934552 0.058699 0.081108
