28 0.620964 0.368815 0.048792 0.042807
19 0.620619 0.410526 0.048472 0.041542
5 0.621058 0.450496 0.047209 0.041854
29 0.620867 0.491101 0.051634 0.042184
18 0.620674 0.531073 0.050993 0.039338
17 0.620802 0.572466 0.049099 0.039964
21 0.670561 0.569943 0.047519 0.039644
26 0.719856 0.570423 0.048775 0.037120
10 0.669173 0.529660 0.048148 0.038698
16 0.669681 0.489212 0.050049 0.040599
1 0.669714 0.448925 0.049097 0.039016
9 0.668326 0.408483 0.047835 0.039644
10 0.667411 0.367882 0.050683 0.041233
29 0.385252 0.628647 0.036815 0.052566
29 0.421273 0.628220 0.036815 0.052566
33 0.458084 0.627949 0.037758 0.050989
33 0.578636 0.680662 0.037758 0.050989
22 0.536924 0.680001 0.045934 0.038059
26 0.386362 0.681413 0.036806 0.049406
32 0.422698 0.680511 0.037440 0.050356
15 0.459192 0.680083 0.037126 0.050987
5 0.494901 0.681078 0.035237 0.053193
28 0.494108 0.628786 0.038400 0.054150
0 0.530444 0.628042 0.037148 0.057938
9 0.566306 0.627299 0.037446 0.052251
27 0.568667 0.316997 0.036517 0.058252
31 0.531694 0.315847 0.037771 0.055096
18 0.495199 0.316118 0.038718 0.054783
25 0.458228 0.315916 0.038718 0.054783
28 0.420942 0.315873 0.038729 0.058259
17 0.385552 0.315982 0.036823 0.055093
32 0.381903 0.259748 0.036815 0.052566
31 0.420300 0.261368 0.039662 0.053522
26 0.456635 0.260466 0.037135 0.053830
6 0.492977 0.261618 0.039671 0.056366
29 0.529787 0.261030 0.038722 0.056047
19 0.567859 0.259807 0.039033 0.054468
33 0.566903 0.205935 0.038080 0.052885
8 0.331042 0.366075 0.050057 0.043127
0 0.331646 0.408257 0.050368 0.041548
30 0.331289 0.446176 0.052576 0.040291
31 0.332844 0.489460 0.049740 0.042810
32 0.333435 0.527534 0.049417 0.040597
18 0.334350 0.567977 0.050358 0.038072
5 0.284272 0.569870 0.050039 0.037123
6 0.284462 0.528791 0.050052 0.041547
27 0.283546 0.487874 0.049737 0.041862
27 0.282951 0.448694 0.048784 0.039963
27 0.282508 0.407460 0.049424 0.042809
0 0.281434 0.366702 0.047524 0.041539
10 0.232931 0.366535 0.049099 0.039648
28 0.769059 0.941280 0.054819 0.095453
24 0.704601 0.942124 0.048784 0.086558
23 0.659316 0.941801 0.046939 0.087476
22 0.612874 0.941020 0.048325 0.087481
20 0.566211 0.943474 0.049252 0.088408
19 0.517233 0.944087 0.047404 0.088402
16 0.470331 0.944001 0.047856 0.085169
15 0.424351 0.942987 0.052025 0.088416
14 0.376534 0.945676 0.053404 0.086110
7 0.329171 0.946053 0.053862 0.084725
7 0.283657 0.946193 0.050621 0.082867
4 0.237678 0.945642 0.054796 0.087963
4 0.188925 0.944637 0.053411 0.088421
4 0.142493 0.946859 0.063113 0.087988
