28 0.465686 0.452696 0.157271 0.137868
19 0.464154 0.587500 0.156250 0.133783
5 0.465176 0.716687 0.152165 0.134804
29 0.464154 0.847917 0.166462 0.135825
18 0.463133 0.954810 0.164420 0.082047
10 0.619894 0.953278 0.155229 0.085110
16 0.621936 0.842300 0.161356 0.130719
1 0.622447 0.712091 0.158292 0.125613
9 0.618362 0.581373 0.154208 0.127655
10 0.615809 0.450143 0.163399 0.132761
27 0.297181 0.284702 0.117443 0.187908
31 0.177696 0.280617 0.121528 0.177696
18 0.061019 0.281127 0.122038 0.176675
6 0.058466 0.104963 0.116932 0.181781
29 0.172079 0.103431 0.124592 0.180760
19 0.295139 0.099857 0.125613 0.175654
