28 0.658792 0.416781 0.049610 0.043554
19 0.658071 0.459091 0.049282 0.042270
5 0.658162 0.499642 0.048002 0.042583
29 0.657607 0.540831 0.052491 0.042929
18 0.657057 0.581378 0.051834 0.040041
17 0.656818 0.623370 0.049914 0.040671
21 0.707319 0.621253 0.048310 0.040341
26 0.757321 0.622178 0.049577 0.037784
10 0.706268 0.580375 0.048945 0.039383
16 0.707142 0.539349 0.050880 0.041318
1 0.707534 0.498480 0.049909 0.039709
9 0.706485 0.457442 0.048630 0.040343
10 0.705917 0.416247 0.051524 0.041962
29 0.417370 0.678270 0.037486 0.053422
29 0.453914 0.678157 0.037486 0.053422
33 0.491259 0.678208 0.038438 0.051825
33 0.613083 0.732754 0.038438 0.051825
22 0.570775 0.731712 0.046698 0.038730
26 0.418028 0.731807 0.037467 0.050217
32 0.454895 0.731215 0.038114 0.051182
15 0.491920 0.731105 0.037797 0.051821
5 0.528136 0.732432 0.035886 0.054054
28 0.527796 0.679377 0.039097 0.055034
0 0.564663 0.678946 0.037837 0.058873
9 0.601049 0.678511 0.038125 0.053105
27 0.606200 0.363751 0.037198 0.059190
31 0.568703 0.362256 0.038462 0.055992
18 0.531679 0.362206 0.039422 0.055677
25 0.494177 0.361672 0.039422 0.055677
28 0.456353 0.361298 0.039442 0.059203
17 0.420451 0.361094 0.037500 0.055987
32 0.417249 0.304016 0.037486 0.053422
31 0.456186 0.306000 0.040376 0.054400
26 0.493053 0.305408 0.037813 0.054706
6 0.529909 0.306899 0.040392 0.057285
29 0.567256 0.306630 0.039429 0.056959
19 0.605889 0.305727 0.039740 0.055358
33 0.605397 0.251069 0.038770 0.053750
8 0.364709 0.411426 0.050894 0.043882
0 0.364947 0.454222 0.051206 0.042281
30 0.364248 0.492685 0.053442 0.041012
31 0.365441 0.536609 0.050572 0.043560
32 0.365703 0.575238 0.050238 0.041314
18 0.366272 0.616273 0.051186 0.038755
5 0.315454 0.617747 0.050860 0.037792
6 0.316011 0.576078 0.050885 0.042279
27 0.315446 0.534562 0.050566 0.042598
27 0.315190 0.494811 0.049594 0.040669
27 0.315107 0.452978 0.050251 0.043558
0 0.314380 0.411621 0.048321 0.042265
10 0.265177 0.411022 0.049912 0.040351
28 0.803940 0.974543 0.055862 0.048414
24 0.738544 0.976944 0.049717 0.043611
23 0.692608 0.976348 0.047847 0.044804
22 0.645503 0.975744 0.049254 0.046013
20 0.598145 0.976546 0.050197 0.044409
19 0.548454 0.976642 0.048321 0.044217
16 0.500876 0.977209 0.048772 0.043082
15 0.454241 0.975665 0.053009 0.046171
14 0.405710 0.977400 0.054402 0.042700
7 0.357661 0.977732 0.054863 0.042036
7 0.311488 0.978074 0.051571 0.041351
4 0.264850 0.976295 0.055819 0.044909
4 0.215402 0.975454 0.054415 0.046592
4 0.168280 0.976478 0.064257 0.044544
