22 0.590588 0.235863 0.039435 0.052455
3 0.589100 0.289249 0.038690 0.052827
8 0.553943 0.288690 0.035342 0.054688
0 0.590216 0.341890 0.037202 0.053943
8 0.553571 0.342262 0.033110 0.053943
2 0.520089 0.287760 0.038318 0.051339
28 0.518043 0.341332 0.034970 0.055804
30 0.482329 0.340774 0.034970 0.055432
7 0.446057 0.342076 0.034598 0.055060
20 0.443638 0.289621 0.046875 0.043899
2 0.482887 0.287388 0.036830 0.049851
15 0.401414 0.289249 0.036086 0.051339
27 0.411458 0.342076 0.036086 0.052827
6 0.635603 0.392299 0.046875 0.038690
0 0.684710 0.391183 0.048363 0.037946
27 0.685082 0.431734 0.049107 0.037946
22 0.685826 0.472656 0.052083 0.041667
15 0.684710 0.510603 0.049107 0.038690
25 0.685082 0.548921 0.049107 0.040179
22 0.684524 0.587798 0.049479 0.037574
16 0.638021 0.586310 0.047247 0.040551
29 0.637835 0.547433 0.049107 0.037202
10 0.636161 0.508929 0.050223 0.039807
17 0.638021 0.470052 0.047991 0.040923
5 0.636719 0.430060 0.049851 0.040551
8 0.358817 0.389137 0.047991 0.038318
9 0.359375 0.430060 0.045387 0.040551
0 0.359561 0.469308 0.048735 0.039435
29 0.360677 0.508557 0.047247 0.039807
30 0.359933 0.547991 0.046503 0.041295
30 0.358817 0.587984 0.047991 0.037946
31 0.312872 0.390253 0.047619 0.041295
5 0.312128 0.430432 0.049851 0.039807
14 0.310082 0.469494 0.047991 0.036830
23 0.310454 0.508743 0.047991 0.038690
0 0.311198 0.549665 0.048735 0.041667
32 0.310640 0.588356 0.051339 0.040179
29 0.265253 0.389881 0.047619 0.039807
3 0.161644 0.954613 0.056920 0.084077
4 0.207961 0.952381 0.052083 0.087054
6 0.254650 0.952195 0.053199 0.086682
6 0.299851 0.953497 0.049851 0.084077
17 0.346726 0.953869 0.048363 0.086310
17 0.392299 0.953683 0.048735 0.085193
17 0.438802 0.952939 0.049479 0.085938
19 0.486235 0.953683 0.047619 0.085938
21 0.530506 0.953869 0.045387 0.085565
23 0.576265 0.951823 0.051339 0.086682
24 0.621280 0.953311 0.049107 0.085193
24 0.667225 0.953497 0.045759 0.084077
26 0.712798 0.953497 0.046503 0.084821
7 0.773065 0.951265 0.047247 0.085565
9 0.407180 0.643415 0.036086 0.049107
33 0.444919 0.643360 0.036458 0.049326
9 0.407552 0.698103 0.036086 0.049107
32 0.479167 0.644717 0.036458 0.052455
27 0.513951 0.644345 0.038318 0.052455
1 0.550409 0.643787 0.033854 0.049851
13 0.586124 0.643973 0.036830 0.051711
20 0.583519 0.696429 0.038318 0.053199
28 0.546689 0.696243 0.035342 0.050595
16 0.512463 0.696987 0.035342 0.051339
7 0.478981 0.696801 0.037574 0.050967
26 0.442150 0.696615 0.036086 0.053571
