22 0.615773 0.268427 0.040484 0.053108
15 0.612985 0.321457 0.039753 0.053459
8 0.578053 0.320041 0.036471 0.055226
0 0.612805 0.373811 0.038302 0.054532
8 0.576371 0.373283 0.034234 0.054432
2 0.544424 0.318287 0.039347 0.051971
28 0.541078 0.371488 0.036128 0.056327
30 0.505591 0.370058 0.036119 0.055957
7 0.469504 0.370463 0.035740 0.055578
20 0.468385 0.318263 0.047670 0.044785
2 0.507454 0.317005 0.037832 0.050455
15 0.426423 0.316858 0.037128 0.051916
27 0.435113 0.369615 0.037165 0.053396
6 0.656685 0.425030 0.047543 0.039608
0 0.705526 0.425124 0.049004 0.038904
27 0.704902 0.465441 0.049743 0.038923
22 0.704639 0.506137 0.052793 0.042694
15 0.702600 0.543829 0.049761 0.039662
25 0.702031 0.581928 0.049798 0.041141
22 0.700523 0.620558 0.050104 0.038562
16 0.654335 0.617939 0.047958 0.041466
29 0.655103 0.579291 0.049725 0.038183
10 0.654382 0.540976 0.050898 0.040799
17 0.657184 0.502377 0.048707 0.041854
10 0.656869 0.462592 0.050547 0.041529
8 0.381633 0.415105 0.048643 0.039265
9 0.381185 0.455796 0.046109 0.041420
0 0.380408 0.494815 0.049410 0.040393
29 0.380556 0.533856 0.047940 0.040726
30 0.378850 0.573036 0.047237 0.042187
30 0.376761 0.612762 0.048634 0.038895
31 0.335936 0.415089 0.048346 0.042214
5 0.334212 0.455009 0.050528 0.040790
14 0.331221 0.493787 0.048606 0.037786
23 0.330629 0.532810 0.048652 0.039635
15 0.330366 0.573506 0.049464 0.042611
32 0.328863 0.611951 0.052017 0.041196
29 0.288611 0.413552 0.048309 0.040735
3 0.171784 0.964316 0.058639 0.068868
4 0.217879 0.963064 0.053905 0.071372
6 0.264293 0.963629 0.055005 0.070242
6 0.309192 0.965498 0.051613 0.066504
17 0.355777 0.965711 0.050189 0.066077
17 0.401082 0.966452 0.050531 0.064595
17 0.447325 0.966463 0.051289 0.064574
19 0.494456 0.967425 0.049440 0.062650
21 0.538457 0.968166 0.047212 0.061168
23 0.583992 0.967396 0.053156 0.062708
24 0.628701 0.969071 0.050901 0.059359
24 0.674367 0.970024 0.047545 0.057452
26 0.719667 0.970393 0.048303 0.056715
7 0.779629 0.969832 0.049061 0.057836
9 0.423476 0.669047 0.037074 0.049698
33 0.460990 0.669917 0.037449 0.049924
9 0.422506 0.723416 0.037074 0.049698
32 0.495000 0.672105 0.037525 0.053035
27 0.529585 0.672588 0.039374 0.053080
1 0.565839 0.672926 0.034873 0.050382
13 0.601335 0.673986 0.037877 0.052304
20 0.597461 0.726064 0.039393 0.053820
28 0.560856 0.724977 0.036371 0.051158
16 0.526816 0.724878 0.036389 0.051898
7 0.493539 0.723872 0.038598 0.051583
26 0.456934 0.722785 0.037183 0.054135
