8 0.939095 0.300179 0.096498 0.149317
8 0.938079 0.446449 0.090403 0.147286
2 0.846660 0.297639 0.104624 0.140176
28 0.841073 0.443909 0.095482 0.152365
30 0.743560 0.442386 0.095482 0.151349
7 0.644523 0.445941 0.094466 0.150333
20 0.637921 0.302718 0.127986 0.119860
2 0.745084 0.296624 0.100561 0.136112
15 0.522631 0.301702 0.098529 0.140176
27 0.550057 0.445941 0.098529 0.144239
8 0.406326 0.574435 0.131034 0.104624
9 0.407850 0.686169 0.123923 0.110718
0 0.408358 0.793333 0.133065 0.107671
29 0.411405 0.900496 0.129002 0.108687
31 0.280879 0.577483 0.130018 0.112750
5 0.278848 0.687185 0.136112 0.108687
14 0.273261 0.793840 0.131034 0.100561
23 0.274277 0.901004 0.131034 0.105640
29 0.150861 0.576467 0.130018 0.108687
