3 0.159072 0.944992 0.053777 0.083744
4 0.206691 0.944787 0.053777 0.084154
9 0.253079 0.943966 0.052135 0.085796
11 0.300493 0.943966 0.052545 0.087438
12 0.345649 0.942939 0.052545 0.086207
13 0.394294 0.943555 0.050493 0.089080
15 0.439860 0.944581 0.049672 0.088670
16 0.487685 0.943760 0.049261 0.087028
17 0.532635 0.943555 0.048851 0.088259
17 0.582102 0.943555 0.046798 0.087438
31 0.824713 0.939655 0.048030 0.036125
31 0.866174 0.934113 0.034893 0.051314
31 0.899220 0.933908 0.036125 0.052545
31 0.684319 0.590107 0.047619 0.038588
7 0.684113 0.551724 0.048851 0.036535
29 0.636084 0.590517 0.050493 0.040230
27 0.637315 0.550082 0.047209 0.037356
27 0.636700 0.511905 0.045977 0.036535
33 0.637726 0.472906 0.048851 0.037356
32 0.637931 0.435345 0.049261 0.036946
7 0.637726 0.398604 0.051314 0.037356
9 0.589491 0.350575 0.036125 0.051314
13 0.590723 0.301108 0.036946 0.050082
20 0.555008 0.301314 0.036125 0.052135
29 0.556034 0.353654 0.036535 0.051724
22 0.521346 0.353038 0.038588 0.050493
3 0.483580 0.353243 0.038588 0.052545
19 0.449507 0.350985 0.035304 0.056240
7 0.413177 0.352011 0.039819 0.055829
27 0.359195 0.399631 0.050903 0.039409
32 0.360837 0.438218 0.047619 0.037767
33 0.360427 0.476601 0.050082 0.038177
30 0.359811 0.513957 0.051314 0.038998
30 0.358374 0.551108 0.049261 0.038588
29 0.357348 0.588259 0.044745 0.036535
29 0.409483 0.644499 0.034072 0.049672
30 0.445813 0.642447 0.036125 0.050493
27 0.480296 0.646141 0.036125 0.057882
29 0.515599 0.644704 0.035304 0.055008
19 0.550082 0.645115 0.035304 0.050082
8 0.587849 0.645320 0.036125 0.051314
22 0.409688 0.695608 0.037767 0.051724
20 0.446839 0.694581 0.034893 0.051314
